<?xml version="1.0" encoding="UTF-8" standalone="no"?>
<!DOCTYPE svg PUBLIC "-//W3C//DTD SVG 20010904//EN"
              "http://www.w3.org/TR/2001/REC-SVG-20010904/DTD/svg10.dtd">

<svg xmlns="http://www.w3.org/2000/svg"
     width="6.43333in" height="3.36667in"
     viewBox="0 0 579 303">
  <path id="Imported Path"
        fill="none" stroke="black" stroke-width="1"
        d="M 440.13,56.99M 447.61,218.20M 116.64,204.73
           C 80.00,211.86 138.63,253.22 131.06,216.23
             128.44,210.11 124.69,205.03 117.14,204.73M 197.51,241.66M 494.04,118.87
           C 467.13,122.28 495.78,139.34 505.36,145.65
             525.79,134.71 515.72,117.03 494.54,118.87M 143.60,192.25M 263.41,220.20M 155.58,64.97M 145.60,217.70M 522.00,125.37M 35.27,61.47
           C 24.82,68.86 23.46,89.90 38.77,91.41
             56.87,89.92 51.66,59.47 35.77,61.47M 216.48,204.73M 519.50,82.44
           C 507.58,91.59 514.33,123.39 532.95,116.29
             549.59,102.07 545.39,76.83 520.00,82.44M 405.18,165.79M 432.14,84.94
           C 412.95,83.89 405.72,104.08 425.19,111.26M 363.75,151.31M 495.53,87.43M 437.13,206.22M 345.27,65.97M 514.51,173.28M 244.44,69.96
           C 232.70,73.55 237.15,84.78 242.94,102.91
             257.46,98.56 274.09,63.60 244.94,69.96M 303.34,69.96M 177.54,130.85M 524.50,173.28M 406.68,190.25
           C 402.84,191.74 397.10,179.00 412.02,196.48M 366.25,34.02
           C 354.26,38.54 336.55,55.52 353.77,63.60
             359.50,53.46 387.40,30.94 366.75,34.02M 220.98,28.54
           C 193.95,77.30 267.83,59.57 221.48,28.54M 557.44,91.42
           C 549.35,93.59 534.69,114.91 549.42,113.77
             560.75,113.05 576.93,93.05 557.94,91.42M 70.71,93.92M 494.54,34.53M 191.02,24.55
           C 175.93,27.34 181.40,67.89 197.91,55.86
             209.65,49.19 211.72,21.54 191.52,24.55M 17.30,134.35M 67.72,141.84M 58.73,42.01M 487.55,73.46
           C 479.62,77.36 493.94,82.36 500.87,77.81
             498.01,71.88 492.61,73.83 488.05,73.46M 319.32,42.51M 382.22,70.96M 434.14,158.80
           C 413.39,158.76 423.97,186.54 439.13,186.23
             448.03,187.88 477.12,171.86 457.10,168.30
             446.61,169.67 445.20,156.65 434.64,158.80M 500.03,273.61M 317.82,141.33M 73.72,44.01M 401.19,275.60M 168.06,173.78M 235.96,30.53M 487.05,251.65
           C 469.08,253.96 476.53,276.06 491.48,276.65
             499.40,272.01 498.57,252.11 487.55,251.65M 557.94,72.95M 354.76,293.07M 433.14,24.55
           C 436.57,26.45 431.96,29.23 432.14,24.04M 224.97,109.89
           C 221.38,112.14 220.92,108.58 224.97,109.39M 378.23,292.07
           C 378.23,292.07 372.24,292.07 372.24,292.07M 207.99,106.90
           C 209.82,111.85 204.82,110.67 207.49,106.40M 508.52,52.49M 387.71,51.49M 473.57,271.11M 285.37,55.49
           C 289.33,62.67 278.74,58.15 284.87,55.49M 232.46,140.83M 97.68,290.58
           C 97.88,286.05 92.19,289.46 97.18,290.58M 514.51,197.24M 221.98,202.23
           C 220.32,201.90 218.65,201.57 216.98,201.23M 84.70,236.67
           C 80.21,239.14 77.27,249.75 81.70,241.67M 290.86,175.78
           C 290.36,179.44 289.86,183.10 289.36,186.76M 556.94,237.17
           C 569.11,245.64 548.90,239.65 556.44,237.17M 386.71,272.11M 74.22,284.58
           C 70.57,283.29 70.46,285.64 74.22,285.08M 65.72,43.01M 287.87,268.11
           C 290.18,263.47 280.80,265.77 287.37,268.11M 375.23,68.46
           C 368.72,62.51 368.46,69.57 376.73,69.46M 317.32,195.74
           C 320.90,195.48 319.00,192.53 316.82,195.24M 307.84,105.40
           C 301.72,103.68 306.81,111.10 307.84,105.90M 528.49,160.30
           C 523.79,151.36 519.84,164.90 528.49,160.80M 307.84,154.32M 290.86,279.60
           C 287.16,277.72 287.09,281.69 290.86,280.10M 436.63,78.95M 340.78,215.21
           C 344.95,209.26 333.91,211.53 340.28,215.21M 93.68,196.24
           C 95.77,199.88 92.40,200.28 93.18,196.24M 442.62,78.95
           C 438.98,76.86 438.58,80.23 442.62,79.45M 523.00,239.16
           C 527.13,241.53 520.52,243.32 522.50,239.16M 34.27,234.17
           C 33.78,237.89 35.76,237.89 35.27,234.17M 557.94,262.13
           C 551.07,267.96 548.01,256.28 556.44,261.63M 306.84,143.34M 417.66,80.94M 110.16,35.03M 238.95,43.50
           C 245.82,40.90 233.27,36.62 238.45,43.00M 561.43,208.22M 405.68,88.43
           C 399.51,80.11 402.81,97.58 405.68,88.93M 513.51,207.22
           C 518.81,216.16 523.13,203.09 513.51,206.72M 354.26,291.08
           C 351.60,290.75 348.94,290.42 346.27,290.08M 260.42,140.34
           C 264.71,140.26 262.38,136.52 259.92,139.84M 177.54,265.62M 488.55,24.55
           C 483.44,34.32 493.92,31.55 489.05,24.55M 162.07,182.27M 508.52,103.91
           C 511.19,92.95 502.67,99.38 508.52,105.90M 165.56,257.13M 447.11,104.40M 284.87,228.68
           C 285.87,231.35 286.87,234.01 287.87,236.67M 445.62,286.08M 419.16,176.28
           C 422.82,170.25 415.14,172.28 418.66,176.28M 167.06,103.91
           C 163.56,98.15 161.73,107.72 167.06,104.41M 314.82,155.31
           C 319.49,158.33 320.18,153.78 314.82,154.81M 151.09,118.38
           C 155.16,113.06 147.25,110.81 150.59,117.88M 451.61,27.04
           C 457.02,28.09 456.28,23.53 451.61,26.54M 531.48,122.87
           C 541.53,129.71 537.75,116.49 529.98,122.37M 434.63,200.74M 213.98,54.99
           C 206.54,66.92 203.83,48.72 213.98,54.49M 126.13,235.67M 449.61,89.93
           C 445.50,84.34 444.38,95.68 449.61,90.43M 232.96,261.13M 116.15,272.11
           C 104.99,264.59 104.37,279.24 116.15,272.61M 132.12,145.33
           C 123.31,135.14 120.74,152.35 132.12,145.83M 510.52,113.39
           C 506.55,103.82 503.13,120.86 510.52,113.89M 159.57,74.96M 440.13,69.96M 420.16,139.34
           C 427.87,147.82 409.72,145.86 419.66,139.34M 419.66,193.75
           C 432.02,198.72 431.18,187.55 419.66,193.25M 92.19,145.33
           C 98.86,148.31 95.34,140.74 91.69,144.83M 78.21,244.66
           C 75.04,247.74 73.12,252.74 68.22,253.15M 93.18,210.22
           C 99.78,201.30 82.30,205.02 92.68,210.22M 362.26,267.11
           C 344.62,283.78 372.97,282.81 362.26,265.61M 172.05,271.11
           C 161.28,258.90 159.96,279.26 172.05,271.61M 509.02,83.44
           C 515.88,93.85 496.17,89.30 508.52,83.44M 25.29,97.41
           C 37.13,90.13 13.14,91.83 24.79,97.41M 38.27,94.92
           C 31.33,91.41 33.24,98.59 38.27,95.42M 525.99,76.45
           C 525.99,76.45 514.01,76.45 514.01,76.45M 420.16,178.77M 515.51,45.51M 414.17,166.29
           C 417.81,175.00 419.91,157.76 413.67,165.79M 258.92,263.12
           C 260.01,262.62 261.11,262.12 262.82,261.33
             257.00,258.37 259.26,264.62 256.84,264.36
             252.84,263.94 248.84,263.51 244.25,265.69
             247.27,272.45 261.31,272.13 257.92,265.11M 250.93,105.40M 353.26,229.18
           C 358.22,238.59 357.89,223.82 352.76,228.68M 549.95,87.43M 214.98,31.03M 333.79,210.72
           C 341.99,206.74 330.55,202.19 333.29,210.72M 430.14,155.31
           C 440.85,145.88 416.59,150.34 429.64,154.81M 273.89,67.97
           C 284.77,70.95 255.78,83.19 273.39,67.47M 434.14,23.04M 407.18,249.14
           C 412.59,256.75 403.14,256.50 406.68,249.14M 178.54,24.55
           C 184.02,32.51 184.82,19.17 178.04,24.04M 111.65,136.35M 362.75,284.58M 288.87,164.80M 471.57,74.96M 311.83,269.12
           C 301.28,261.21 299.56,274.81 311.83,269.62M 335.79,271.61M 145.10,199.73
           C 156.15,210.11 130.68,213.42 144.60,199.23M 490.54,235.17M 208.99,44.01
           C 213.85,56.14 212.09,34.27 208.99,43.50M 19.30,123.87
           C 31.85,129.69 13.44,133.45 18.80,123.37M 136.61,215.71M 508.02,210.22M 135.61,221.20M 253.93,50.99
           C 245.47,76.15 237.21,37.92 253.93,50.49M 170.06,131.85M 437.13,126.86M 63.22,29.03
           C 74.14,38.37 68.71,17.52 63.22,28.53M 356.26,291.08
           C 386.31,289.40 360.68,280.11 345.78,288.59M 18.30,163.80M 529.99,76.95
           C 524.78,78.68 519.60,80.69 514.02,78.45M 218.98,244.66
           C 228.92,255.48 225.69,235.42 218.98,244.16M 53.24,263.62
           C 61.67,265.42 61.57,252.11 53.24,263.12M 309.83,146.83M 171.05,253.64
           C 180.76,280.82 188.81,223.96 171.05,253.14M 74.22,105.40
           C 68.80,116.29 82.70,113.72 75.22,105.40M 107.66,280.60
           C 118.71,282.35 114.87,271.57 107.16,280.10M 54.24,144.83M 80.21,245.65
           C 72.51,256.92 56.54,274.47 69.72,250.65M 40.26,54.99
           C 48.75,67.78 51.31,47.57 40.26,54.49M 544.46,268.61
           C 553.74,277.24 555.55,262.03 544.46,268.11M 512.02,231.18M 557.94,174.78
           C 565.66,186.67 571.18,171.48 557.94,174.28M 490.54,140.83
           C 478.82,132.29 481.28,149.30 490.54,141.33M 426.65,117.38M 514.01,216.20
           C 523.98,226.99 525.25,209.26 513.51,215.70M 546.46,76.45M 316.82,242.16M 413.67,266.61
           C 413.56,263.54 412.39,260.88 410.18,258.62
             405.97,259.88 412.39,277.76 414.17,267.11M 90.69,236.67M 237.45,148.32
           C 247.04,165.07 251.17,145.13 236.95,147.82M 98.18,113.89M 85.70,273.11
           C 98.96,282.69 96.52,258.44 85.20,272.61M 399.19,219.20
           C 402.77,203.33 382.67,212.76 398.69,219.20M 298.85,37.02
           C 308.69,51.03 311.86,31.02 298.85,36.52M 77.71,203.73
           C 91.04,205.59 90.20,188.78 77.21,203.23M 256.42,32.52
           C 283.27,42.27 232.44,40.68 255.92,32.52M 471.07,24.55M 563.93,141.33
           C 572.92,128.93 539.76,133.44 563.43,141.33M 140.60,154.32
           C 153.09,139.43 127.05,143.02 140.10,154.32M 473.57,89.93
           C 471.86,84.05 463.59,79.75 464.78,87.85
             466.08,90.98 472.73,97.15 473.57,90.43M 201.00,170.78
           C 204.19,183.12 203.76,195.14 198.00,206.72M 464.58,49.50
           C 498.69,48.79 448.63,30.32 464.08,49.50M 344.77,46.01M 239.95,207.72
           C 227.53,190.56 225.01,220.03 239.95,208.22M 460.59,186.76
           C 443.19,182.50 450.12,201.39 460.59,187.26M 292.36,57.49M 179.04,53.99
           C 169.35,38.68 164.22,73.49 179.04,54.49M 239.95,111.88
           C 233.93,83.17 228.10,117.91 239.95,112.38M 91.69,72.45
           C 82.81,68.56 93.82,83.92 99.12,83.61
             96.86,79.47 97.86,69.43 92.19,71.96M 90.69,227.18
           C 100.26,208.11 79.49,213.57 90.19,227.18M 199.01,161.81
           C 200.27,178.54 196.32,195.01 196.01,211.72M 381.72,202.73
           C 402.04,207.71 384.76,177.74 381.72,202.23M 289.87,187.75
           C 289.61,205.39 289.38,223.03 288.87,240.66M 160.07,128.86
           C 169.01,126.99 161.66,113.78 156.08,117.88
             152.61,124.07 153.46,126.86 159.57,129.36M 377.73,43.01
           C 395.20,58.39 390.22,19.04 377.73,42.51M 163.07,137.34
           C 150.37,119.24 137.43,183.43 163.07,137.84M 50.25,88.93
           C 71.51,105.81 60.27,65.46 50.25,88.43M 283.88,250.65M 501.02,227.18M 299.85,47.00
           C 300.05,77.52 319.81,38.92 299.85,46.50M 539.47,175.78
           C 569.16,238.80 582.79,171.45 534.98,174.28M 417.16,275.10M 455.60,204.73
           C 453.92,196.08 447.32,197.64 439.02,196.93
             438.76,204.90 456.21,218.99 455.10,205.23M 454.60,90.42M 465.08,250.15
           C 496.52,266.06 427.59,292.43 451.18,256.36
             444.03,273.26 448.69,268.87 441.68,258.61M 269.90,273.11
           C 298.00,286.69 285.40,258.06 269.90,272.61M 84.70,35.03
           C 93.18,37.98 109.41,50.27 91.99,51.40
             112.55,86.58 118.24,22.80 85.70,34.53M 309.83,158.80
           C 324.38,169.27 323.87,169.66 333.25,148.15M 118.64,59.98
           C 158.95,7.92 111.51,17.95 118.14,56.99M 312.83,265.12
           C 326.14,278.41 295.66,266.12 295.40,250.35M 453.10,32.52M 374.24,50.49M 253.43,141.33M 330.80,278.60M 544.96,125.37
           C 569.72,141.57 568.10,105.16 544.46,124.87M 241.45,141.33
           C 254.50,115.43 215.39,119.35 240.95,141.33M 67.22,205.72
           C 41.03,202.42 43.99,218.13 67.22,206.22M 331.30,35.53
           C 354.73,46.71 315.13,102.97 316.65,69.75
             322.23,68.60 329.34,69.15 330.11,60.44M 151.09,242.66
           C 148.08,232.99 132.61,228.91 130.83,241.06
             135.51,246.37 149.28,253.21 151.09,243.16M 40.26,199.73
           C 73.27,216.59 55.76,170.53 40.26,199.23M 225.97,120.87
           C 225.71,109.98 203.51,109.69 205.45,123.36
             196.99,144.79 229.03,144.54 225.47,121.37M 282.88,34.02
           C 288.59,69.47 248.82,23.74 261.89,57.01
             277.51,71.41 297.37,28.21 282.88,33.52M 353.26,179.77
           C 357.53,107.05 321.19,103.87 350.76,169.79M 46.75,155.31M 32.77,229.18
           C 54.91,206.09 9.40,195.08 32.27,229.18M 347.27,196.24M 325.81,89.93M 122.14,199.73
           C 139.12,213.52 144.71,148.69 122.14,199.23M 476.57,58.48
           C 426.13,34.93 440.15,116.23 476.57,58.98M 73.72,135.35
           C 71.22,140.96 78.69,114.20 83.97,105.16
             104.69,118.14 95.91,161.77 75.22,135.85M 104.17,262.63
           C 121.00,273.28 145.92,276.77 162.88,264.15
             143.71,257.98 125.60,262.96 107.69,250.59
             103.16,244.80 113.91,256.99 104.17,262.13M 288.87,187.75
           C 285.33,207.33 284.33,226.93 279.53,246.18
             277.21,241.78 276.84,217.08 282.88,225.68M 365.75,209.71
           C 384.21,146.75 340.35,152.63 365.25,209.71M 271.90,190.76
           C 284.61,156.42 251.11,148.47 271.90,188.76M 465.58,214.71
           C 448.43,276.68 473.30,226.12 468.08,196.24M 444.12,289.08
           C 415.20,311.10 388.39,297.19 356.76,293.07M 400.69,40.51
           C 386.28,80.70 410.22,80.06 401.69,40.51M 363.25,101.40
           C 408.44,77.37 354.65,52.57 362.75,101.40M 312.33,141.33
           C 336.87,96.14 278.53,109.57 311.83,141.33M 225.97,253.64
           C 181.56,239.15 186.95,282.69 225.97,254.14M 338.29,84.44
           C 338.20,90.04 345.18,116.92 349.19,104.42
             353.52,92.48 346.82,53.58 338.79,83.94M 84.20,225.69
           C 74.54,178.76 10.63,252.63 51.22,258.53
             64.37,252.23 80.18,241.09 83.71,226.19M 514.01,161.31
           C 524.91,151.19 474.69,137.93 480.57,172.77M 370.74,253.64
           C 373.39,275.98 389.98,275.87 402.56,288.19
             382.93,315.83 367.73,246.98 368.75,252.65M 523.50,71.95
           C 492.10,29.50 461.18,74.67 523.50,72.45M 435.63,49.50
           C 422.52,27.28 392.70,9.36 414.71,45.00
             418.99,58.76 404.33,75.52 424.70,78.30
             431.42,79.79 432.53,69.06 434.00,64.45
             436.36,54.10 409.27,52.93 435.63,49.99M 125.63,71.46
           C 184.75,145.48 159.20,43.92 125.13,70.96M 222.98,181.77
           C 227.91,165.97 209.96,125.16 215.43,158.82
             218.01,171.46 219.52,222.67 223.48,182.27M 311.83,236.67
           C 332.97,235.59 316.03,176.95 301.92,206.23
             304.04,217.35 296.41,234.35 311.33,237.17M 331.30,253.14
           C 331.14,262.91 345.60,263.29 349.23,255.11
             361.37,219.95 327.91,202.57 330.80,252.64M 462.59,160.80M 198.01,82.93M 231.46,70.46M 500.53,269.62
           C 544.68,304.05 573.09,258.14 500.53,269.12M 136.61,57.98
           C 191.62,64.29 187.29,-19.26 136.11,57.48M 277.89,212.71
           C 299.52,157.05 271.39,146.85 276.89,215.70M 536.48,52.99
           C 490.85,49.61 552.76,89.74 565.39,57.26
             556.32,52.12 546.62,52.95 536.98,53.49M 330.80,170.78
           C 332.69,178.66 373.51,180.71 354.71,182.81M 385.22,216.20
           C 406.46,224.81 412.29,297.41 384.72,260.63
             379.36,246.31 368.18,227.27 384.72,216.20M 360.25,115.38
           C 358.02,126.21 351.54,147.43 369.74,145.79
             380.30,133.59 387.11,84.17 359.75,114.89M 525.49,264.12
           C 577.28,261.31 549.21,224.19 514.91,224.45
             522.73,234.51 528.55,245.48 542.46,243.72
             563.17,249.84 520.40,251.08 513.01,250.63
             505.85,241.63 509.18,237.13 522.99,237.13
             529.00,244.40 540.11,238.92 548.45,240.63M 516.51,145.33
           C 513.85,152.76 511.81,142.19 518.78,144.83
             520.24,157.69 540.03,154.23 549.47,158.75
             586.57,161.00 517.63,102.61 518.51,144.33M 151.59,225.19
           C 151.81,252.39 185.20,240.33 183.36,218.20
             182.02,191.83 144.08,199.31 151.09,224.69M 105.66,186.26
           C 98.98,220.98 142.37,173.34 131.44,159.93
             111.48,135.23 102.45,167.28 106.16,185.76M 248.44,217.20
           C 220.27,205.59 223.43,255.37 243.97,259.51
             303.88,256.46 227.27,197.52 254.93,217.70M 189.52,143.34M 447.11,23.54
           C 460.88,34.55 432.37,42.84 426.51,27.43
             424.79,27.40 443.60,37.56 441.37,26.74
             392.60,43.08 465.40,74.79 467.44,44.16
             471.82,79.73 462.05,96.59 469.77,33.19M 118.14,76.45
           C 193.75,149.17 78.78,164.56 117.14,76.45M 19.80,116.38
           C 93.33,191.33 79.41,44.72 19.30,115.88M 229.47,180.26
           C 232.37,195.32 245.60,208.24 259.45,214.13M 96.18,153.82
           C 3.54,113.42 87.57,270.53 96.18,154.32M 435.63,265.62
           C 453.26,242.77 442.92,200.67 410.62,201.60
             394.21,218.10 407.67,266.24 435.13,266.12M 83.70,286.08
           C 108.07,287.48 89.56,274.22 76.27,279.67
             12.91,340.00 -48.60,55.18 62.01,16.31
             45.19,-22.73 79.46,43.08 114.14,28.37
             137.70,26.88 154.54,-4.35 175.40,3.87
             162.96,23.94 224.08,8.53 236.43,26.58
             247.46,31.20 256.36,17.19 266.38,29.57
             281.91,40.82 269.96,-4.63 283.82,17.93
             290.84,27.89 291.50,29.39 283.75,20.63M 499.03,172.29
           C 465.52,164.28 481.84,216.13 479.05,237.14
             497.71,228.54 527.40,180.90 499.52,172.29M 395.20,91.42M 354.26,292.57
           C 334.72,291.47 308.90,314.69 294.44,292.04
             290.57,278.34 213.06,261.23 198.54,267.23
             182.69,257.98 211.55,248.31 217.51,263.54
             203.40,243.68 207.01,231.97 206.04,198.81M 289.87,103.91
           C 311.33,22.58 231.34,108.64 259.47,136.21
             270.74,130.76 266.42,121.46 264.72,113.02
             284.81,101.41 291.13,135.89 284.47,149.35
             292.83,179.91 290.15,112.72 290.37,104.40" />
</svg>
