<?xml version="1.0" encoding="UTF-8" standalone="no"?>
<!DOCTYPE svg PUBLIC "-//W3C//DTD SVG 20010904//EN"
              "http://www.w3.org/TR/2001/REC-SVG-20010904/DTD/svg10.dtd">

<svg xmlns="http://www.w3.org/2000/svg"
     width="6.66667in" height="4in"
     viewBox="0 0 600 360">
  <path id="Imported Path"
        fill="none" stroke="black" stroke-width="1"
        d="M 452.75,90.25
           C 450.01,91.26 451.27,92.77 452.14,94.49
             454.69,93.43 456.02,92.36 453.24,90.25M 460.23,251.30
           C 459.73,252.63 458.44,254.49 458.90,256.09
             460.24,258.88 460.93,261.09 462.98,251.82M 129.28,237.84
           C 120.71,239.84 118.38,241.09 117.46,247.34
             117.14,250.07 122.61,249.31 124.31,250.04
             127.52,256.08 130.26,259.43 132.85,254.36
             136.19,262.03 136.18,266.35 137.19,251.16
             143.01,242.79 140.63,237.22 134.57,245.05M 210.15,274.74
           C 208.68,271.79 205.49,274.43 212.01,274.12
             215.70,273.20 217.51,279.87 213.99,283.12
             214.88,294.02 209.85,281.21 213.23,279.29M 506.66,152.08
           C 503.66,146.25 499.19,153.63 502.14,153.56
             496.40,161.13 500.16,163.93 509.05,158.72
             523.07,168.76 529.82,173.55 518.45,154.10
             531.24,142.47 528.90,130.88 511.60,152.96M 156.24,225.37
           C 155.42,223.72 153.75,228.53 159.63,229.83
             163.12,237.41 157.59,229.46 155.89,229.15M 276.04,253.30
           C 275.22,251.65 273.30,254.90 278.51,254.61
             283.05,257.01 284.89,257.98 280.37,251.69M 168.22,98.23
           C 166.42,100.36 166.75,102.69 169.22,105.21
             172.77,101.14 172.73,100.60 168.72,98.23M 158.24,250.80
           C 156.49,252.56 156.82,254.39 159.24,256.28
             160.27,254.49 160.11,252.67 158.74,250.80M 534.61,158.56
           C 533.62,156.59 532.52,160.02 536.34,161.28
             539.56,162.86 536.04,159.83 535.87,159.04M 47.92,94.74
           C 41.47,100.31 38.66,107.30 40.51,115.66
             41.64,120.74 46.44,124.34 51.41,124.64
             56.85,132.71 48.26,134.52 44.39,130.03M 229.12,237.84
           C 227.12,239.67 224.81,241.26 223.19,243.37
             218.69,249.22 214.41,255.24 210.19,261.30
             208.89,263.17 208.08,265.40 207.14,267.28
             213.61,273.18 227.79,274.68 234.02,270.12
             235.62,268.95 236.90,266.28 236.96,264.05
             229.99,264.00 223.00,263.64 216.02,263.84M 532.11,115.68
           C 525.14,121.87 523.97,134.98 529.61,143.60
             533.94,150.21 538.34,151.96 545.55,149.49
             547.10,148.96 548.61,147.48 549.51,146.05
             553.63,139.55 555.59,132.33 555.53,124.65
             555.49,119.55 553.99,117.46 549.06,116.77
             543.63,116.01 538.09,116.01 532.60,115.67M 417.80,198.95
           C 410.42,200.88 406.56,206.34 403.71,212.75
             407.75,218.45 417.44,220.43 425.79,217.40
             428.74,208.03 425.76,200.68 418.30,198.95M 444.76,118.17
           C 437.71,105.69 446.93,100.74 451.29,116.05
             448.58,119.01 448.91,119.93 453.68,122.81
             458.46,136.64 466.53,138.69 455.69,126.58
             455.10,132.01 454.26,129.41 454.25,132.03
             450.98,140.54 449.60,137.53 450.14,135.56
             440.92,137.75 435.37,134.28 444.83,130.23M 376.37,184.49
           C 375.55,185.72 374.73,186.94 373.70,188.49
             376.51,190.52 378.31,193.77 381.94,190.60
             381.19,187.65 381.29,184.19 376.87,184.49M 508.15,120.66
           C 506.15,119.83 504.22,122.62 502.15,123.09
             497.37,117.62 505.86,117.21 509.21,122.65
             512.81,122.55 516.51,122.55 520.99,126.63
             522.78,134.89 524.70,138.69 526.41,137.19M 449.75,239.34
           C 449.25,238.34 448.25,238.83 448.74,238.43
             450.33,240.58 450.87,242.83 453.11,245.09
             460.08,244.02 452.45,246.21 452.11,244.97M 357.90,99.22
           C 357.00,102.18 356.95,102.30 358.92,103.17
             360.92,106.97 363.33,104.46 360.17,97.89M 527.12,206.43
           C 525.96,205.76 528.78,205.43 529.61,205.43
             529.61,205.43 532.11,205.43 532.11,205.43
             531.78,204.60 531.44,203.77 531.11,202.94M 257.07,103.21
           C 255.22,99.50 252.52,104.32 253.13,111.16
             249.78,125.40 256.18,142.96 263.11,108.84
             283.22,89.03 281.55,76.71 257.66,108.58M 315.97,103.21
           C 314.97,101.74 317.01,101.78 318.20,112.19
             319.49,130.19 320.75,139.81 323.21,117.78
             328.57,128.65 321.59,110.10 319.77,102.02
             314.78,78.13 319.09,98.46 317.18,96.96M 190.18,164.04
           C 184.36,169.69 177.80,174.78 172.89,181.13
             166.30,189.66 159.55,198.38 157.21,209.41
             156.47,212.92 155.38,216.35 154.48,219.72
             159.35,222.79 162.87,222.66 166.65,218.33
             173.87,210.05 181.15,201.76 187.53,192.85
             192.48,185.94 193.82,177.35 195.12,168.52M 537.10,206.43
           C 527.77,214.21 526.63,223.54 531.95,232.95
             538.83,245.12 546.58,256.07 559.58,262.24
             562.95,263.84 566.48,265.20 570.07,266.19
             573.59,271.36 569.89,272.29 566.65,265.16
             558.08,259.60 550.95,255.46 543.78,258.77
             532.72,245.80 521.77,236.48 512.72,256.68M 419.30,223.38
           C 415.46,224.86 409.72,212.14 424.64,229.50
             428.16,244.16 426.03,245.84 420.44,227.95M 378.87,67.31
           C 368.65,70.93 359.95,80.26 358.22,90.30
             360.59,92.20 363.37,94.43 366.39,96.85
             376.61,88.72 377.94,74.87 389.89,69.65
             389.89,69.65 388.93,67.94 388.93,67.94
             385.74,67.73 382.55,67.52 379.36,67.30M 233.61,61.83
           C 226.98,68.60 225.58,80.96 230.62,88.26
             234.21,93.46 238.37,94.24 246.84,91.16
             251.83,83.40 247.84,76.32 243.86,69.96
             241.76,66.61 239.87,61.46 234.12,61.83M 570.05,124.65
           C 561.91,128.67 557.13,135.19 555.44,143.71
             556.50,147.76 559.64,147.66 562.02,146.96
             567.45,145.37 572.41,142.73 576.58,138.66
             579.45,135.85 579.90,132.14 578.77,129.24
             577.63,126.32 574.56,123.91 570.54,124.65M 83.36,127.15
           C 82.69,126.15 83.02,124.71 85.95,130.39
             90.77,137.06 95.46,136.09 85.01,128.76
             83.72,126.11 83.42,123.46 81.83,120.80M 507.15,67.81
           C 499.56,70.59 497.82,73.84 499.66,81.77
             507.05,98.97 498.35,101.29 495.61,81.12M 203.66,57.84
           C 199.29,51.96 206.81,50.89 210.15,55.47
             217.54,52.89 224.98,56.47 232.05,58.87
             238.76,66.86 238.54,71.71 234.93,67.44
             228.55,80.63 215.42,71.29 204.36,64.19M 29.95,167.53
           C 26.63,169.85 26.20,173.44 26.00,177.01
             25.80,180.49 25.96,183.99 25.96,187.48
             30.09,192.12 35.22,193.40 39.94,190.97
             44.98,188.37 47.42,183.86 46.43,179.00
             45.06,172.31 40.72,167.95 34.95,167.55
             33.46,167.45 31.96,167.53 30.46,167.53M 80.37,175.01
           C 79.24,176.03 78.10,177.05 76.97,179.33
             78.74,180.88 79.08,178.67 81.20,178.00
             88.52,175.70 79.13,176.85 78.09,176.27M 71.38,75.29
           C 68.88,71.64 72.75,69.29 73.99,83.64
             75.53,100.38 79.02,108.31 78.79,94.57
             91.15,114.05 101.20,120.56 84.91,98.54
             96.51,102.04 102.71,96.82 83.20,95.70
             80.25,89.29 77.82,87.00 72.06,85.19
             52.04,62.56 44.61,49.24 70.67,82.69M 500.17,106.70
           C 498.55,104.55 501.24,103.44 501.80,110.50
             507.00,119.02 507.74,127.09 504.53,107.64M 331.95,75.79
           C 328.58,81.64 328.58,90.57 331.95,93.24M 394.84,104.21
           C 394.84,104.21 394.84,108.70 394.84,108.70M 446.76,191.97
           C 443.93,186.38 439.78,193.50 444.95,189.23
             446.08,185.29 446.60,186.75 458.10,193.15
             480.87,209.07 482.32,194.81 461.71,197.61
             461.66,202.67 459.74,207.79 457.78,212.55
             451.25,215.14 456.36,217.03 453.67,219.02
             447.66,217.55 448.95,214.23 448.77,211.12
             443.46,208.29 448.40,205.44 448.18,202.91
             447.33,200.07 441.20,195.03 439.21,188.66M 512.65,306.65
           C 511.84,307.73 511.03,308.80 509.89,310.32
             511.81,313.32 513.96,313.32 513.96,313.32
             513.96,313.32 513.96,308.83 513.96,308.83M 330.45,174.52
           C 329.45,174.02 328.45,175.52 327.46,177.77
             328.62,178.94 329.20,179.11 327.15,180.45
             326.54,185.69 325.95,178.68 325.91,178.11M 86.36,77.29
           C 85.69,78.45 84.18,80.00 84.50,80.72
             86.92,86.11 89.23,91.71 94.39,95.17
             96.58,99.25 99.33,96.52 87.42,88.37M 413.81,308.64
           C 410.46,310.95 413.18,312.51 418.84,307.61
             418.57,308.95 418.43,307.13 417.45,306.66M 180.70,206.93
           C 178.75,204.65 182.32,202.98 183.50,211.68M 248.59,63.82
           C 247.59,61.82 245.87,65.20 250.52,65.59
             254.19,68.95 256.14,70.74 252.56,64.58
             256.34,62.71 258.07,61.84 252.51,64.03
             252.42,62.94 252.37,62.39 249.92,63.31M 499.67,284.71
           C 495.53,286.07 491.04,287.06 489.26,291.72
             488.63,293.37 488.17,295.64 488.80,297.13
             491.69,303.88 496.15,309.02 504.09,309.69
             509.68,305.82 511.27,296.06 507.07,289.75
             505.49,287.38 504.39,283.71 500.16,284.71M 570.55,106.21
           C 568.25,107.46 565.94,108.71 563.73,109.91
             565.88,115.11 568.72,116.47 573.54,115.18
             576.08,114.50 578.44,113.43 578.00,110.21
             577.43,106.05 574.26,106.00 571.05,106.22M 367.39,326.09
           C 367.93,325.38 368.47,324.67 369.01,323.95
             368.56,323.79 368.10,323.63 367.65,323.47M 445.76,57.84
           C 446.76,58.84 446.76,59.67 447.59,56.55
             445.19,54.22 448.75,56.38 446.76,56.22M 237.60,143.10
           C 237.60,143.10 234.84,144.20 234.84,144.20
             234.75,143.67 234.66,143.13 234.57,142.60
             234.57,142.60 237.61,142.60 237.61,142.60M 390.85,325.10
           C 390.85,325.10 384.86,325.10 384.86,325.10M 220.63,140.11
           C 220.84,141.62 223.44,143.38 219.87,140.06
             218.34,139.95 217.58,139.51 217.89,137.65M 521.13,85.76
           C 523.13,87.94 522.94,89.03 523.85,85.00
             522.33,83.86 524.99,84.12 522.73,83.25M 400.33,84.76
           C 399.48,83.95 398.64,83.14 397.79,82.33
             396.75,85.02 396.81,86.62 399.83,85.26M 486.19,304.16
           C 487.36,306.49 488.67,305.18 485.30,303.42
             486.34,302.31 486.87,302.31 486.87,302.31
             486.87,302.31 484.51,301.22 484.51,301.22M 298.00,88.75
           C 298.00,88.75 299.09,92.42 299.09,92.42
             298.47,91.20 297.25,91.57 298.45,90.71
             297.18,87.72 296.22,91.88 297.57,92.63M 245.09,174.02
           C 244.93,175.48 244.78,176.95 244.62,179.98
             246.19,181.38 242.96,182.07 241.30,179.48M 110.32,323.60
           C 110.15,322.77 109.99,321.94 109.82,321.11
             108.88,319.24 106.87,322.13 112.04,323.33M 527.12,230.36
           C 526.52,231.56 525.92,232.75 525.32,234.70M 234.61,235.35
           C 232.95,235.02 231.28,234.69 229.62,234.35M 97.34,269.75
           C 95.18,272.24 93.01,274.73 90.85,277.23
             93.97,279.13 93.82,276.46 94.35,274.74M 303.49,208.92
           C 302.99,212.58 302.49,216.23 301.99,219.89M 569.55,270.25
           C 570.87,271.40 572.20,272.54 573.52,273.69
             573.52,273.69 572.68,275.05 572.68,275.05
             570.75,274.08 568.82,273.10 566.52,271.94
             567.67,271.18 568.36,270.71 569.05,270.25M 399.33,305.15
           C 401.76,308.12 401.22,309.61 402.45,303.90
             400.26,301.90 401.22,301.90 401.22,301.90
             401.22,301.90 395.90,300.57 395.90,300.57M 86.86,317.62
           C 85.90,317.42 84.94,317.22 83.97,317.02
             83.57,316.22 83.86,318.11 83.86,318.11
             83.86,318.11 86.86,318.11 86.86,318.11M 78.37,76.29
           C 78.60,78.08 80.01,79.37 82.61,80.16
             80.89,78.15 79.88,76.97 78.87,75.79M 300.50,301.16
           C 300.67,300.00 298.34,298.67 298.34,298.67
             298.34,298.67 294.85,298.67 294.85,298.67
             294.85,298.67 293.76,298.67 293.76,298.67M 387.85,101.72
           C 386.26,99.59 384.52,98.09 381.27,100.70M 329.95,228.86
           C 330.70,228.67 331.44,228.47 332.19,228.28
             331.97,227.79 331.74,227.29 331.52,226.80M 320.47,138.61
           C 320.47,138.61 316.83,138.61 316.83,138.61
             315.97,139.69 318.06,140.16 319.32,142.18M 541.10,193.46
           C 539.66,191.11 538.15,189.02 535.01,191.67
             536.58,193.58 537.67,196.57 541.10,193.96M 320.47,187.48
           C 318.74,186.40 316.57,185.86 313.98,185.86
             312.25,187.05 315.72,185.46 317.46,185.07M 303.49,312.63
           C 302.56,312.38 301.63,312.13 300.70,311.89
             300.70,312.48 300.70,313.08 300.70,314.60M 449.25,112.19
           C 448.71,111.23 448.17,110.27 447.63,109.31
             447.63,109.31 445.14,109.31 445.14,109.31
             445.05,110.49 447.41,113.16 444.97,110.97M 353.41,248.31
           C 355.98,245.68 350.32,247.30 349.06,245.03M 106.32,229.36
           C 108.27,231.23 107.34,232.16 107.34,232.16
             107.34,232.16 105.55,232.16 105.55,232.16
             105.55,232.16 105.55,229.09 105.55,229.09M 455.24,112.19
           C 454.31,111.85 453.37,111.51 452.44,111.17
             451.84,110.99 453.45,110.89 453.96,110.89
             453.96,110.89 457.04,110.89 457.04,110.89M 535.61,272.24
           C 536.61,273.24 536.61,274.30 537.67,270.72M 46.92,267.26
           C 46.92,267.26 46.92,270.25 46.92,270.25
             46.92,270.25 47.92,270.25 47.92,270.25
             47.92,270.25 47.92,267.26 47.92,267.26M 570.55,295.18
           C 568.05,296.62 565.56,297.81 562.93,295.06
             564.82,292.08 566.91,293.05 569.06,294.68M 319.47,176.51
           C 318.64,175.94 317.81,175.36 316.98,174.79
             316.20,174.34 318.11,174.12 318.67,176.02M 430.28,114.18
           C 429.15,113.61 428.02,113.03 426.60,112.31
             425.36,113.38 424.20,114.38 423.03,115.39
             425.95,118.57 427.93,117.02 429.78,114.68M 122.80,68.31
           C 123.13,67.14 121.80,69.31 121.30,69.31
             121.30,69.31 118.28,69.31 118.28,69.31M 251.58,76.79
           C 252.24,76.45 252.91,76.12 253.67,75.73
             253.16,73.29 252.31,71.68 249.40,72.27M 574.04,241.33
           C 576.07,243.06 579.07,244.20 578.47,247.54
             578.47,247.54 576.27,247.54 576.27,247.54
             575.08,245.35 573.88,243.17 572.69,240.98M 418.30,121.66
           C 417.41,119.55 416.20,118.73 413.97,119.35
             415.29,121.30 416.92,124.38 412.45,120.37M 526.12,240.33
           C 527.54,243.42 529.68,244.14 532.81,242.58
             531.57,238.56 528.93,238.97 526.12,239.83M 366.89,324.10
           C 364.23,323.77 361.57,323.44 358.90,323.10M 273.04,173.52
           C 273.95,173.32 274.86,173.12 275.77,172.92
             275.45,172.33 275.12,171.73 274.80,171.14
             274.80,171.14 272.54,173.02 272.54,173.02M 190.18,298.67M 501.16,57.84
           C 500.48,60.26 499.80,62.69 499.11,65.11
             504.33,63.56 503.72,60.84 501.66,57.84M 174.71,215.40
           C 172.22,217.34 169.21,218.94 169.38,223.21
             173.13,221.80 174.60,219.18 175.20,215.89M 521.13,137.12
           C 521.36,134.51 516.16,130.71 516.16,130.71
             516.16,130.71 514.45,130.63 514.45,130.63
             512.33,133.46 513.46,136.28 515.46,139.11M 178.20,290.19
           C 177.70,289.53 177.33,288.59 176.66,288.29
             176.17,288.07 174.92,285.61 176.25,287.47M 459.73,137.62
           C 457.26,136.71 457.19,136.76 457.24,140.10
             458.39,139.34 459.31,138.73 460.23,138.12M 297.50,261.77
           C 298.50,264.43 299.50,267.09 300.50,269.75M 458.24,319.11
           C 454.89,321.54 452.80,316.87 448.99,317.91
             447.31,316.07 451.48,314.95 455.61,319.08
             457.94,317.92 460.27,316.76 462.61,315.60M 431.78,209.42
           C 432.18,207.39 429.33,210.89 427.33,205.66M 179.70,137.12
           C 178.82,136.34 177.93,135.56 177.05,134.77
             176.50,133.68 173.57,134.16 181.83,138.19M 327.45,188.48
           C 329.17,190.90 328.48,192.12 329.12,187.54
             327.37,185.50 328.48,185.50 328.48,185.50
             328.48,185.50 324.46,185.50 324.46,185.50M 163.73,151.58
           C 165.84,148.27 165.81,147.90 162.07,145.41M 464.23,60.33
           C 464.23,60.33 468.33,60.33 468.33,60.33
             468.16,59.66 467.99,58.98 467.82,58.31M 544.09,156.07
           C 546.76,159.72 545.78,161.99 547.05,154.04
             543.63,150.90 544.52,152.43 541.80,151.54M 447.25,233.85
           C 445.08,232.45 442.90,231.04 440.72,229.63
             439.94,231.03 439.58,231.68 439.17,232.44
             441.11,235.46 443.59,236.19 446.76,234.35M 226.62,88.25
           C 223.16,93.41 222.06,93.61 218.63,89.75
             221.47,86.39 223.40,85.90 226.62,87.76M 138.77,268.75
           C 138.60,269.75 138.44,270.74 138.27,271.74
             138.27,271.74 142.36,271.74 142.36,271.74
             140.84,270.03 140.05,269.14 139.27,268.25M 462.23,123.16
           C 459.59,120.22 458.62,121.18 458.77,125.73
             460.21,124.87 461.22,124.26 462.23,123.66M 245.59,294.18
           C 244.86,293.26 244.13,292.35 243.17,291.14
             240.69,292.37 238.48,293.47 235.71,294.85
             238.90,296.03 242.02,295.97 245.09,294.68M 128.79,305.15
           C 125.46,303.14 122.13,301.59 118.18,308.92M 144.76,178.50
           C 142.33,174.60 139.17,175.08 135.46,176.58
             138.86,181.18 140.26,181.49 144.76,179.00M 523.13,146.59
           C 522.59,145.52 522.06,144.44 521.54,143.40
             518.84,144.77 518.44,146.75 520.34,149.36
             521.28,148.60 522.21,147.84 523.14,147.09M 172.21,108.20
           C 170.71,112.44 179.38,110.53 183.06,104.41M 452.75,103.21
           C 452.75,103.21 452.75,98.64 452.75,98.64
             450.42,100.54 449.83,102.28 452.25,103.71M 432.78,172.52
           C 436.41,175.29 434.37,177.19 431.16,179.77
             430.30,176.71 427.17,174.30 432.28,172.52M 432.28,226.87
           C 435.86,228.58 439.35,228.33 443.75,226.50
             439.27,224.58 435.77,223.99 432.28,226.37M 104.83,178.50
           C 106.60,182.03 109.05,179.57 103.78,173.89M 90.85,277.73
           C 88.69,280.22 86.64,282.83 84.30,285.14M 105.82,243.32
           C 109.44,241.33 105.67,239.26 98.95,241.57
             100.40,238.54 101.45,236.84 102.85,243.24M 374.88,300.17
           C 372.32,303.79 369.77,307.40 367.22,311.01
             370.88,313.64 373.94,312.80 378.41,308.11
             377.24,304.98 376.06,301.83 374.88,298.67M 184.69,304.16
           C 179.60,298.82 177.94,298.74 174.64,303.76M 521.63,116.68
           C 524.13,119.41 523.35,121.67 520.18,123.99
             519.13,123.03 518.01,121.99 516.13,120.27
             518.11,118.85 519.62,117.76 521.13,116.68M 37.94,130.64
           C 39.07,129.82 40.21,129.00 41.86,127.80
             40.21,126.49 39.19,125.68 37.95,124.70
             36.72,125.70 35.70,126.51 33.45,128.34M 50.92,128.14
           C 49.31,127.73 47.71,127.33 45.12,126.67
             47.17,129.11 49.11,129.76 50.92,128.63M 538.60,109.70
           C 538.60,109.70 526.62,109.70 526.62,109.70M 432.78,211.91
           C 431.63,216.06 432.67,218.97 437.77,220.37M 528.12,78.78
           C 526.84,76.51 525.14,76.39 522.79,77.53
             524.27,80.81 526.20,80.95 528.62,79.27M 426.79,199.45
           C 428.24,200.53 428.60,201.07 429.94,198.56
             429.87,199.86 429.63,196.48 425.99,193.59
             425.53,193.42 425.07,193.26 424.60,193.09M 271.55,296.18
           C 272.64,295.68 273.74,295.18 275.45,294.39
             269.63,291.44 271.89,297.68 269.47,297.42
             265.47,297.00 261.47,296.57 256.88,298.75
             260.69,303.78 264.64,304.87 269.04,302.63
             270.83,301.72 273.05,300.67 270.55,298.17M 263.56,138.61
           C 258.49,143.43 257.67,146.25 260.23,150.87
             262.61,147.18 265.20,143.79 264.06,139.11M 365.89,262.27
           C 366.70,263.42 367.51,264.57 368.32,266.29
             367.99,267.40 367.66,267.96 367.33,265.59
             365.84,264.18 364.35,263.48 362.87,264.26M 562.56,120.66
           C 561.68,122.40 560.80,124.14 559.48,126.76
             562.48,125.05 563.67,123.02 563.06,120.66M 227.62,64.32
           C 226.65,63.01 225.69,61.70 224.43,59.99
             221.11,63.49 221.69,66.39 234.88,58.21M 346.42,243.82
           C 348.89,242.65 350.43,241.14 348.42,238.04
             345.99,239.44 344.53,240.98 345.92,243.82M 442.76,188.48
           C 444.55,187.27 446.31,186.04 444.61,183.19
             441.45,181.35 439.52,182.79 438.15,186.45M 286.52,101.22
           C 287.52,101.35 288.78,108.07 283.37,104.05
             277.07,109.71 273.93,112.54 283.15,98.67M 446.76,56.34
           C 450.42,63.49 456.73,57.42 448.86,59.68M 419.80,282.22
           C 420.57,284.11 421.33,285.99 422.10,287.88
             421.47,286.61 420.19,285.49 420.68,284.59M 191.18,57.84
           C 192.16,58.85 193.15,59.85 194.13,61.43
             193.85,62.58 193.57,63.15 193.30,61.04
             191.91,60.25 190.51,59.86 189.12,59.21M 124.29,169.53
           C 120.34,171.06 119.87,172.50 121.79,178.51
             127.39,179.74 128.78,185.65 116.41,177.37M 375.37,317.62
           C 376.20,317.12 376.99,316.53 377.87,316.14
             379.42,315.45 381.03,314.89 383.28,314.02
             379.63,311.67 377.66,313.01 375.87,315.12M 301.50,197.95
           C 298.47,199.29 299.40,201.35 300.66,203.73
             304.35,202.27 304.70,200.24 302.00,197.45M 484.19,108.20
           C 481.87,110.95 482.29,112.00 486.29,113.22M 324.46,302.16
           C 323.30,301.50 322.18,300.70 320.95,300.20
             319.69,299.69 318.31,299.47 316.52,299.01
             316.12,300.35 315.73,301.66 314.97,304.25
             318.87,303.59 321.67,303.12 324.47,302.65M 348.42,304.65
           C 349.38,303.51 350.34,302.37 351.29,301.23
             350.98,300.87 350.68,300.51 350.37,300.15
             348.61,296.64 345.10,296.64 345.10,296.64
             345.10,296.64 344.65,297.81 344.65,297.81
             345.65,299.00 346.65,300.19 347.64,301.38M 157.74,232.85
           C 161.30,235.47 161.74,237.27 159.21,240.30
             157.36,242.52 155.20,244.40 152.22,239.88
             153.71,237.64 155.48,235.00 157.24,232.35M 503.16,268.25
           C 501.45,269.65 499.73,271.06 498.02,273.62
             499.68,275.14 499.73,275.14 499.73,275.14
             499.73,275.14 507.59,275.14 507.59,275.14
             506.38,272.73 505.55,271.07 504.72,269.41M 221.63,77.29
           C 222.25,78.56 222.86,79.82 223.48,81.09
             223.48,81.09 225.04,80.62 225.04,80.62
             224.65,78.47 224.25,76.33 223.86,74.18
             223.49,74.16 223.11,74.15 222.74,74.13M 31.95,157.06
           C 34.85,158.57 38.24,159.87 35.14,164.14
             30.07,161.50 29.55,160.39 31.45,156.56M 149.25,248.81
           C 150.77,245.40 148.54,243.60 145.90,241.00M 520.63,243.32
           C 519.30,244.98 517.71,246.50 516.69,248.34
             514.32,252.63 515.27,255.47 519.63,258.28
             523.06,254.54 523.62,249.15 521.13,243.82M 148.25,254.29
           C 146.04,256.71 147.43,258.83 149.36,261.36
             152.15,260.44 153.60,259.90 149.34,260.91
             149.31,260.01 149.29,259.56 147.74,259.91M 266.56,84.27
           C 266.06,86.10 265.88,88.10 264.99,89.72
             263.32,92.76 259.27,92.85 253.77,92.11
             250.55,96.83 247.39,99.85 243.32,94.09M 182.70,165.04
           C 183.88,163.27 185.06,161.50 186.70,159.05M 449.75,160.06
           C 455.25,166.71 448.12,164.14 442.93,158.37M 75.87,62.33
           C 77.77,63.34 79.66,64.36 81.56,65.73
             80.58,65.19 82.63,64.92 80.84,63.59
             79.39,59.31 78.31,56.10 78.95,65.72M 368.89,324.10
           C 374.44,323.33 379.99,322.57 385.54,321.80
             385.48,321.28 385.41,320.76 385.35,320.24
             376.24,317.10 367.24,317.26 358.41,321.60M 30.95,196.95
           C 29.53,198.03 28.11,199.10 25.91,200.77
             28.58,202.03 29.93,202.67 31.48,203.40
             34.14,200.78 35.84,198.62 31.45,196.46M 542.60,110.19
           C 537.39,111.92 532.21,113.93 526.63,111.69M 231.61,277.73
           C 233.48,279.07 235.36,280.40 237.23,282.10
             236.27,281.61 238.30,281.37 236.57,279.94
             235.26,275.61 234.37,272.71 234.57,281.48M 65.89,296.68
           C 71.25,302.26 72.74,289.91 63.61,298.77M 322.46,180.00
           C 320.79,178.36 324.15,176.69 325.88,184.11
             331.33,185.45 333.50,185.99 327.91,179.09M 183.69,286.70
           C 185.55,289.91 186.42,293.94 191.14,295.78
             194.10,289.32 192.78,282.96 193.81,276.85
             193.33,276.71 192.85,276.57 192.36,276.43
             189.47,279.69 186.58,282.94 183.68,286.20M 86.86,138.61
           C 85.22,141.52 85.36,145.04 96.03,141.28M 120.30,313.63
           C 124.31,315.33 126.40,312.37 128.75,310.00
             125.36,309.87 122.05,309.93 119.80,313.13M 66.89,178.01
           C 64.89,177.18 62.96,175.98 60.88,175.60
             57.77,175.04 54.56,175.06 50.77,174.79
             50.00,173.69 52.09,172.94 52.99,180.53M 92.85,278.73
           C 87.88,285.03 82.90,291.33 77.38,298.34
             75.82,293.23 78.56,291.05 80.87,288.70
             80.42,286.75 79.22,284.58 82.37,283.71M 52.91,88.25
           C 55.06,90.23 56.42,93.68 60.67,93.25
             57.39,91.92 55.53,89.87 54.24,92.47M 557.07,301.66
           C 559.78,303.87 562.59,305.46 566.02,303.09
             564.09,299.29 561.06,298.61 557.07,301.16M 524.63,264.27
           C 520.07,269.68 521.40,273.85 528.62,276.74
             532.69,271.09 531.57,267.27 525.13,264.77M 570.55,207.92
           C 572.83,209.99 575.11,212.06 577.72,214.43
             579.79,207.78 577.46,205.91 570.55,207.42M 503.16,174.02
           C 497.82,170.64 496.85,170.64 494.17,174.02M 439.27,150.58
           C 434.45,143.06 442.16,142.79 446.26,150.32
             450.91,158.45 451.84,160.39 450.22,147.35
             454.82,139.48 456.19,134.82 449.05,145.25M 526.62,249.31
           C 528.87,252.53 532.14,252.72 535.77,252.84
             533.95,246.96 531.26,245.97 526.12,248.81M 559.07,109.70
           C 555.97,107.98 552.99,108.39 549.68,112.04M 329.45,275.24
           C 326.16,274.69 322.87,274.15 318.82,273.47
             322.41,277.75 325.51,278.19 329.95,275.74M 426.29,299.67
           C 426.18,296.60 425.01,293.94 422.80,291.69
             420.23,294.81 420.79,298.26 425.39,305.62M 103.33,269.75
           C 98.65,277.18 93.97,284.61 89.29,293.98
             91.24,299.78 86.25,305.58 83.20,311.47
             74.02,309.60 78.55,312.88 72.45,307.38M 250.08,181.50
           C 252.43,185.12 254.62,189.01 259.53,188.37
             259.53,188.37 260.75,186.79 260.75,186.79
             258.36,184.53 256.11,182.08 253.48,180.14M 110.82,147.09
           C 113.40,142.42 113.07,140.65 108.82,136.62
             104.33,140.23 104.84,144.00 110.32,147.59M 98.34,306.15
           C 100.62,307.61 103.09,310.00 105.70,307.98
             107.20,306.82 107.46,304.05 108.58,301.26
             103.31,300.96 100.25,302.53 97.84,305.64M 411.81,252.30
           C 413.12,247.55 404.90,248.01 401.63,250.60
             399.68,252.17 398.82,253.33 406.12,253.37M 311.48,70.30
           C 315.27,76.40 318.01,76.93 322.36,71.83
             319.28,70.61 316.41,69.37 313.45,68.40M 90.35,236.84
           C 95.34,238.10 98.16,234.59 101.62,232.14
             98.42,228.97 95.74,230.02 89.85,236.34M 269.05,65.82
           C 272.57,70.98 270.94,73.51 271.87,63.88
             278.30,55.39 278.30,47.92 274.73,62.83M 483.69,57.84
           C 479.15,59.67 479.96,64.45 478.33,68.56
             481.65,68.00 484.96,67.44 489.02,66.47
             485.66,60.32 480.61,60.32 480.61,60.32
             480.61,60.32 474.95,60.32 474.95,60.32M 576.54,174.52
           C 578.35,173.15 579.33,171.72 577.56,169.52
             574.77,166.04 569.95,165.51 567.40,168.73
             569.08,172.37 572.60,173.38 576.04,174.52M 153.24,187.48
           C 156.89,184.56 156.64,180.89 155.58,176.94
             152.24,175.86 150.47,171.07 158.63,175.77M 486.19,123.16
           C 484.59,120.68 482.99,118.20 481.61,116.07
             477.12,110.94 484.52,111.86 487.59,118.28
             490.79,122.51 492.97,123.71 489.62,119.39M 213.64,203.93
           C 216.83,216.25 216.40,228.26 210.64,239.83M 477.20,82.77
           C 477.20,82.77 487.93,82.77 487.93,82.77
             487.93,82.77 487.93,73.76 487.93,73.76
             483.25,64.71 474.55,72.75 490.74,72.01
             495.58,69.48 497.78,73.82 494.33,76.06M 357.40,79.28
           C 360.06,78.36 362.15,77.00 362.42,73.45
             358.31,73.00 357.34,67.97 356.89,72.52
             359.45,70.63 362.12,69.57 365.05,73.56M 252.58,240.83
           C 250.14,238.59 247.69,236.35 245.41,234.25
             241.07,237.45 240.67,239.48 243.10,242.33
             245.65,245.33 248.31,245.05 252.58,241.33M 473.21,219.89
           C 467.03,217.76 462.11,207.84 479.08,224.71M 304.99,90.75
           C 301.58,84.08 302.66,76.86 302.53,69.81
             302.49,67.43 297.92,63.21 302.53,70.86
             302.52,72.44 302.07,73.72 303.57,76.57
             304.85,85.61 309.69,88.15 319.55,77.89M 191.68,87.26
           C 190.63,85.85 189.57,84.43 187.75,81.99
             184.86,85.17 182.41,87.87 179.83,90.70
             185.71,94.41 188.67,93.47 191.68,87.76M 252.58,145.10
           C 251.41,141.39 250.24,137.68 248.99,133.72
             243.64,135.95 245.77,139.61 246.70,143.37M 104.33,105.71
           C 103.19,105.31 102.05,104.92 100.84,104.50
             100.73,109.12 106.38,115.89 111.75,116.85
             110.44,112.46 109.26,108.48 108.08,104.51M 103.33,260.28
           C 104.42,255.98 105.51,251.68 106.60,247.37
             106.31,247.00 106.02,246.64 105.73,246.27
             103.77,247.45 100.43,248.34 100.11,249.86
             99.35,253.42 99.22,257.53 102.83,260.27M 211.65,194.96
           C 213.05,206.71 210.22,218.22 209.64,229.86
             209.39,234.85 208.99,239.83 208.66,244.82M 394.34,235.84
           C 398.42,238.07 401.71,236.88 403.81,231.84
             401.91,229.57 405.38,227.37 401.25,230.99
             396.35,229.36 393.18,228.31 400.08,235.00M 302.50,220.89
           C 302.33,231.69 302.19,242.50 301.99,253.30
             301.87,260.12 301.67,266.93 301.50,273.74M 172.71,162.05
           C 174.30,161.46 175.88,160.86 177.37,160.31
             175.15,150.32 174.78,149.94 168.72,151.08
             165.25,157.26 166.10,160.05 172.21,162.55M 390.35,76.29
           C 392.05,78.75 393.74,80.20 397.38,79.51
             400.34,78.95 401.59,77.26 402.20,74.36
             399.25,74.29 396.52,70.58 395.12,70.53M 175.71,170.53
           C 173.92,167.48 171.55,165.48 166.86,166.25
             164.39,174.27 161.78,182.71 159.17,192.87
             160.89,197.97 152.31,203.06 145.44,208.16M 62.90,122.16
           C 65.04,125.30 72.06,127.22 74.78,125.96
             74.03,127.43 70.62,121.66 73.58,123.45
             70.41,118.80 68.78,116.54 69.11,124.88M 296.51,283.71
           C 294.25,287.03 292.00,290.36 289.92,293.41
             292.89,298.45 296.84,296.79 299.40,295.47
             303.24,293.49 302.26,289.31 301.34,285.32
             300.09,284.71 298.55,283.96 297.01,283.21M 513.64,260.28
           C 509.52,262.98 507.55,268.69 509.74,273.42
             511.07,276.10 512.70,277.29 512.55,274.88
             512.36,278.60 510.55,278.71 508.91,270.63M 312.48,80.28
           C 312.98,83.94 313.48,87.59 314.01,91.50
             314.01,91.50 319.86,91.50 319.86,91.50
             320.42,88.99 321.33,86.63 321.34,84.27
             321.34,82.61 320.47,79.84 319.40,79.52M 552.08,208.92
           C 555.41,214.90 558.61,220.96 562.10,226.85
             565.91,233.27 571.68,237.03 579.72,239.14
             571.77,224.77 575.10,218.53 574.33,232.55
             561.71,223.51 552.87,222.26 573.32,230.43
             574.43,226.86 575.19,229.79 572.05,228.52
             571.54,227.53 571.03,226.55 570.52,225.56M 429.78,308.14
           C 426.82,304.07 431.61,302.21 432.45,307.01
             438.46,306.10 439.00,311.61 443.89,308.56
             443.42,311.77 442.93,313.27 442.48,312.41M 468.22,237.84
           C 467.30,235.81 466.39,233.77 465.17,231.08
             461.12,230.77 456.96,230.45 451.64,229.10
             454.45,230.24 456.47,231.29 457.87,230.77
             460.11,234.45 462.26,236.75 463.81,232.57
             465.02,237.06 466.17,238.93 465.69,235.05M 467.22,123.66
           C 462.28,127.37 462.47,132.55 463.91,138.09
             465.73,141.06 467.24,142.94 468.37,140.04
             469.55,144.26 470.36,146.50 470.88,144.66
             476.99,147.67 478.40,151.60 471.92,146.07
             473.77,148.36 474.88,149.73 461.30,147.32
             443.42,140.00 437.89,143.91 459.10,140.65M 477.70,283.21
           C 480.56,287.50 479.13,289.77 479.89,285.53
             486.16,300.39 475.89,304.85 477.39,288.11
             471.48,279.63 474.85,283.11 477.29,280.58
             474.65,275.07 468.57,282.81 471.04,284.65
             458.90,291.10 453.24,286.37 466.93,292.57
             460.56,306.49 461.49,292.08 465.54,291.67
             462.99,290.24 461.47,290.24 461.47,290.24
             461.47,290.24 464.38,290.24 464.38,290.24
             464.38,291.89 463.39,289.40 462.71,288.75M 282.53,306.15
           C 287.02,307.48 291.45,309.20 296.04,309.96
             298.32,314.21 294.67,316.90 293.69,302.34M 97.34,68.31
           C 100.00,69.81 102.69,71.25 105.32,72.81
             108.05,74.44 110.72,76.17 112.97,77.59
             112.42,83.80 109.22,85.07 104.63,84.67
             106.42,87.63 107.94,90.57 109.90,93.98
             110.96,96.54 111.80,97.89 111.85,96.92
             117.53,96.55 120.71,96.28 109.89,90.95
             107.03,79.21 107.48,72.95 105.98,87.65
             98.12,78.68 97.15,83.45 105.26,79.02M 322.46,191.97
           C 331.82,193.16 331.77,195.42 332.85,203.11
             337.10,204.15 342.02,216.04 331.76,211.08
             326.05,223.67 317.30,221.04 328.12,206.92
             324.69,197.59 324.76,192.45 324.13,199.84
             314.16,199.45 319.24,201.27 316.14,205.91M 131.28,93.24
           C 133.28,89.42 135.10,85.49 137.31,81.79
             142.16,73.66 147.20,65.65 152.72,56.69
             143.05,41.30 157.38,36.91 163.46,51.77M 325.46,298.17
           C 326.46,297.84 327.43,297.38 328.46,297.19
             334.54,296.10 336.08,294.26 335.44,288.69
             334.87,283.68 331.36,280.49 326.46,280.73
             320.23,269.17 327.64,267.86 335.07,281.96M 465.72,65.82
           C 459.85,61.88 450.98,61.65 446.55,64.61
             448.28,66.29 450.13,67.32 451.85,67.92
             457.37,74.32 457.78,78.88 453.35,69.94M 386.86,83.77
           C 385.13,86.97 383.41,90.18 381.18,94.31
             386.50,96.70 391.04,98.74 395.51,100.75
             399.53,94.42 398.11,89.24 391.84,85.78
             390.41,84.99 388.85,84.43 387.36,83.77M 266.06,174.52
           C 260.77,179.51 265.17,184.83 281.50,176.82
             284.88,180.88 286.77,183.00 286.56,170.30M 343.43,311.63
           C 337.06,304.42 319.75,302.60 313.68,311.57
             315.03,314.10 316.64,316.79 317.93,319.62
             319.16,322.32 321.70,323.52 323.92,322.95
             331.15,321.08 337.76,317.78 342.93,312.13M 557.57,158.56
           C 565.03,165.18 575.27,163.68 578.04,155.57
             574.07,150.64 562.61,152.00 557.07,158.06M 254.08,174.52
           C 259.35,167.57 256.26,156.74 248.09,153.58
             242.59,159.96 244.72,168.09 253.58,174.52M 79.87,238.84
           C 77.71,238.67 75.51,238.19 73.39,238.41
             68.60,229.72 74.52,225.44 75.40,236.88
             73.08,238.42 72.18,239.98 81.03,237.92
             92.02,254.08 79.77,240.19 80.46,242.26M 343.93,68.81
           C 346.09,71.64 348.69,74.23 350.33,77.33
             353.61,83.77 362.42,75.42 368.23,74.15
             376.89,65.15 383.45,57.46 388.95,70.54
             385.31,67.63 381.00,68.10 375.99,76.12
             374.84,88.80 375.39,89.57 366.70,71.70
             360.70,68.35 353.45,69.51 346.05,70.08M 163.73,275.73
           C 161.72,269.05 155.95,267.71 150.33,265.89
             148.50,267.10 146.88,268.17 145.06,269.37
             144.62,270.70 144.12,272.19 143.47,274.13
             147.48,280.06 154.47,279.62 160.80,282.23
             161.84,280.11 162.78,278.17 163.73,276.24M 52.91,232.85
           C 54.90,235.15 55.24,236.35 55.29,238.92
             67.05,256.70 54.72,232.28 51.53,228.68
             42.83,216.24 48.61,227.38 45.98,228.11
             38.53,230.10 44.20,230.51 42.63,233.08M 238.60,154.07
           C 238.22,152.59 237.84,151.10 237.45,149.50
             236.84,148.42 236.38,145.60 236.63,141.72
             234.49,130.01 234.30,137.14 236.40,135.09
             238.34,127.62 242.75,134.84 237.71,135.00
             240.46,134.45 241.68,131.75 246.27,132.80
             259.23,142.63 264.37,140.70 241.96,142.49M 295.51,67.31
           C 295.30,71.81 295.08,76.32 294.86,80.92
             291.26,76.18 296.36,73.86 297.09,76.83
             293.52,69.01 288.82,62.48 291.42,73.64
             298.20,70.67 300.07,74.71 304.20,77.27
             307.91,84.86 306.11,89.73 313.58,74.98
             330.36,59.02 327.00,50.09 313.20,73.98
             311.60,72.29 310.55,71.25 312.74,75.12M 365.89,212.91
           C 364.56,198.45 363.10,184.00 361.97,169.52
             361.64,164.91 352.95,156.54 360.63,169.04
             357.94,168.24 356.32,156.33 366.83,155.92
             382.88,147.84 395.54,158.89 374.29,162.51M 59.40,188.48
           C 47.92,194.19 38.22,201.65 33.95,214.41
             31.09,222.97 33.66,230.78 42.42,234.66
             44.56,236.40 45.29,230.97 48.40,227.66
             56.67,216.86 53.30,219.56 57.18,210.96
             66.13,184.53 54.53,209.74 51.86,209.07M 45.42,262.27
           C 49.48,259.52 50.60,254.98 51.77,249.77
             48.23,249.00 44.78,245.85 42.94,246.99
             41.31,240.90 40.59,237.68 39.42,246.16M 359.90,229.36
           C 354.51,234.78 354.13,240.28 356.95,245.79
             359.40,250.58 364.65,253.36 370.04,252.71
             369.48,250.71 369.07,248.71 368.36,246.81
             366.44,241.63 364.44,236.48 362.35,231.36
             362.02,230.56 361.07,230.01 360.40,229.35M 338.44,123.16
           C 337.11,124.82 334.41,126.76 334.68,128.10
             336.06,134.94 337.10,142.12 342.56,147.25
             348.21,146.50 348.04,142.14 348.34,138.03M 134.78,232.85
           C 136.38,234.26 137.99,235.67 140.33,237.73
             146.74,229.47 148.85,220.74 151.55,211.94
             146.13,211.76 138.73,221.24 134.78,232.36M 489.18,91.75
           C 488.36,88.10 486.34,87.48 482.66,88.11
             477.14,77.93 467.57,81.61 473.54,90.06
             462.58,98.06 471.92,95.41 471.71,101.16
             473.18,117.11 483.05,102.95 497.04,93.56M 86.36,168.53
           C 84.83,168.50 84.25,169.65 84.64,171.98
             85.71,170.00 87.77,167.97 87.69,166.04
             87.26,156.06 92.37,148.05 96.60,138.37
             99.67,142.37 102.83,145.44 104.68,149.16
             107.10,154.02 109.95,159.38 109.99,164.63
             119.10,156.41 123.51,145.27 121.41,163.73M 116.81,295.68
           C 121.41,300.10 127.48,301.30 133.31,302.55
             141.65,304.34 150.02,306.09 158.76,304.76
             164.97,303.81 169.91,300.78 175.52,297.21
             168.75,292.80 161.86,292.91 155.29,294.38
             149.99,295.57 145.37,294.37 140.81,292.60
             135.00,290.35 129.47,287.35 123.79,284.74
             122.70,284.24 121.37,284.24 120.33,283.67
             119.14,283.02 118.16,281.99 117.45,280.68
             123.03,285.36 123.15,289.57 129.98,279.52M 301.50,220.89
           C 300.17,229.87 297.87,238.83 297.75,247.82
             297.60,258.68 293.56,268.66 292.16,279.27
             289.52,271.59 290.42,263.44 268.11,280.53M 378.37,242.83
           C 379.20,239.01 380.35,235.22 380.80,231.35
             381.83,222.40 382.70,213.42 383.29,204.13
             378.77,198.58 374.63,194.22 375.82,200.54
             372.12,203.36 372.34,206.48 381.92,211.96
             383.54,228.89 383.60,219.87 383.37,228.37M 284.53,223.88
           C 289.66,214.02 288.22,199.40 281.54,193.47
             277.51,193.15 275.65,195.50 276.66,198.92
             278.95,206.68 281.87,214.25 284.53,221.89M 478.20,247.81
           C 476.20,253.96 474.18,260.10 472.22,266.26
             471.12,269.72 470.13,273.21 469.10,276.66
             474.00,279.48 479.18,286.70 463.46,269.35
             463.39,254.62 441.40,263.58 452.18,253.79M 456.74,322.11
           C 448.75,325.77 440.87,329.68 432.75,333.01
             422.98,337.01 413.30,338.62 403.24,332.72
             395.13,327.96 385.43,328.23 376.36,326.63
             374.07,326.23 371.71,326.26 369.38,326.10M 413.31,73.80
           C 412.48,78.12 411.63,82.44 410.82,86.76
             409.47,93.90 408.14,101.05 406.79,108.21
             416.19,104.08 420.18,85.77 414.31,73.79M 375.87,134.63
           C 380.86,130.81 386.05,127.21 390.79,123.10
             395.82,118.75 396.58,114.64 393.84,110.70
             390.50,105.90 384.21,104.22 378.46,106.90
             377.13,114.31 375.65,121.96 374.46,129.66M 324.96,174.52
           C 328.99,172.18 330.36,168.14 330.31,164.05
             330.24,158.89 329.11,153.75 328.46,148.59
             328.08,145.57 326.89,143.06 323.47,143.18
             320.16,136.97 325.48,136.34 328.41,141.61
             335.69,140.00 343.23,142.69 351.03,143.69M 238.60,286.70
           C 228.47,281.39 214.19,283.21 207.17,289.21
             205.57,290.58 204.16,292.18 202.66,293.68
             209.53,299.51 231.13,295.80 238.60,287.20M 350.92,117.67
           C 351.92,126.40 353.87,134.76 359.12,142.36
             358.17,142.31 360.50,141.81 357.72,143.84
             354.85,145.15 353.53,142.58 347.61,148.76
             327.04,147.95 317.32,140.92 345.86,138.09M 96.84,258.78
           C 95.51,255.12 94.35,251.39 92.76,247.85
             92.13,246.45 90.56,244.53 89.35,244.47
             77.51,243.90 66.63,246.43 58.96,256.33
             52.75,264.35 51.33,273.92 52.02,284.16
             58.39,289.80 61.73,296.01 59.91,287.32
             58.98,293.69 57.46,296.26 55.43,293.04
             50.90,304.14 45.93,309.57 41.04,297.02M 526.62,194.46
           C 527.44,194.10 528.26,193.74 529.09,193.37
             526.27,182.81 509.75,178.50 493.92,184.79
             493.92,184.79 493.92,195.21 493.92,195.21
             499.55,194.75 504.34,194.12 509.15,194.03M 383.36,286.70
           C 385.36,292.02 387.10,297.45 389.44,302.61
             390.88,305.80 393.23,308.58 395.09,311.41
             405.85,307.34 408.77,316.64 415.18,321.22
             413.14,324.07 411.33,326.58 409.60,328.99
             397.43,325.14 391.21,316.72 387.39,306.13
             385.20,300.05 383.36,293.84 381.19,286.43
             380.79,288.15 380.27,289.25 379.69,285.43
             378.44,283.91 377.79,282.78 376.39,282.78
             376.39,282.78 376.39,286.11 376.39,286.11M 536.11,105.21
           C 531.13,95.23 521.87,90.93 512.15,87.26
             507.78,85.61 503.55,75.36 514.29,83.06
             516.62,80.45 523.21,86.02 524.97,90.19
             527.23,104.75 528.64,112.12 530.01,94.43M 448.25,82.77
           C 442.03,74.27 436.20,65.39 427.26,59.37
             423.15,56.60 417.75,57.23 415.00,62.48
             416.71,64.54 417.83,65.03 421.61,65.36
             430.30,73.80 431.11,80.37 422.62,73.51
             424.25,89.72 420.57,97.44 422.03,72.19
             421.00,73.25 424.77,77.46 430.23,78.70
             443.31,86.98 433.53,83.60 429.49,84.60
             426.13,85.91 426.06,87.44 422.60,87.99
             411.60,84.46 415.89,83.15 415.45,86.12
             415.29,82.57 412.90,80.81 411.49,85.52
             410.31,83.92 415.38,84.93 419.27,84.34M 138.27,104.71
           C 147.42,113.69 156.56,122.68 165.74,131.62
             167.09,132.94 168.67,134.02 170.26,135.31
             173.93,133.37 172.83,129.95 172.64,127.16
             171.79,114.42 164.51,105.53 154.56,98.05
             149.38,101.10 141.65,97.20 137.77,104.22M 235.61,214.90
           C 235.28,209.42 234.92,203.93 234.62,198.45
             234.32,192.97 234.06,187.49 233.73,180.70
             231.47,179.95 228.48,178.95 225.48,177.96
             224.57,176.14 224.09,179.30 226.83,182.18
             229.75,190.57 230.82,194.86 229.77,193.88
             234.53,218.20 264.90,218.20 264.90,218.20
             267.01,220.86 269.40,221.94 272.09,221.45
             272.09,221.45 272.09,206.49 272.09,206.49M 324.46,269.75
           C 330.38,269.40 333.44,266.61 333.38,260.78
             333.31,252.97 332.81,245.15 332.41,237.35
             332.37,236.50 331.97,235.53 331.42,234.88
             328.73,231.69 318.81,231.27 316.06,234.43
             315.02,235.62 314.56,237.68 314.55,239.34
             314.53,245.67 326.92,257.37 324.27,249.04M 343.93,286.20
           C 344.13,290.39 345.91,293.05 350.41,293.73
             355.98,302.55 349.60,305.18 344.85,300.20
             333.15,305.31 324.60,295.69 313.51,298.12
             311.11,293.26 309.31,290.81 307.24,297.33
             305.66,294.96 305.64,308.86 304.04,320.39M 475.21,193.96
           C 476.54,192.30 478.80,190.75 479.03,188.29
             473.77,189.47 467.85,172.38 478.43,183.86
             477.57,174.58 472.24,171.69 471.76,180.23
             465.28,175.88 458.49,176.18 474.60,172.33
             480.65,160.86 484.07,168.71 478.07,168.89
             485.07,168.84 488.98,175.74 485.97,184.81M 210.65,116.18
           C 208.45,107.20 200.35,100.85 189.69,99.72
             187.19,99.46 184.69,99.13 181.58,98.75
             176.38,94.49 186.95,94.56 190.34,112.32
             193.86,138.86 203.30,149.07 194.47,116.78
             204.54,124.04 210.22,127.99 197.28,103.77M 244.09,103.71
           C 238.16,100.95 230.25,101.87 221.42,106.89
             221.02,114.30 219.78,122.54 220.47,130.94
             224.34,135.25 227.90,137.26 231.11,137.70
             230.41,147.39 227.86,148.96 221.49,139.73
             213.23,143.43 204.88,145.29 196.39,138.22M 513.14,302.66
           C 517.36,310.40 524.54,312.21 532.60,312.70
             538.62,324.00 534.05,329.68 534.47,317.15
             543.27,328.83 531.34,308.72 522.30,286.41M 149.25,91.25
           C 155.41,103.64 167.67,92.76 152.24,90.64
             157.41,89.54 156.77,85.15 161.79,79.35
             176.03,62.01 164.53,75.82 164.29,67.74
             149.37,65.27 160.90,60.83 160.78,57.76
             155.01,64.48 149.51,71.42 143.75,78.15
             140.23,82.26 136.46,86.15 132.79,90.14M 290.52,245.82
           C 294.90,241.59 294.97,235.63 296.40,230.33
             299.23,219.87 300.00,209.29 295.51,198.95
             295.13,198.07 294.70,197.20 294.01,195.69
             293.34,197.38 292.67,198.39 292.56,199.45
             291.33,211.24 290.02,223.03 289.11,234.85M 549.08,86.26
           C 542.23,73.14 548.22,66.54 550.12,96.95
             569.39,133.04 573.01,145.59 553.35,87.87M 343.43,203.93
           C 344.54,214.05 345.65,224.18 346.77,234.37
             350.43,233.98 352.33,231.08 353.34,227.84
             356.84,216.68 359.07,205.57 351.48,194.91
             349.20,191.72 347.71,187.96 345.26,184.66
             340.79,190.84 344.55,197.34 343.43,203.44M 397.84,249.31
           C 405.50,254.54 409.85,262.15 412.21,270.78
             414.22,278.12 415.23,285.73 416.84,294.01
             421.63,301.44 414.81,304.49 407.00,295.34
             392.95,294.28 389.53,285.37 403.68,286.69
             397.06,269.39 393.72,260.67 407.77,281.05M 372.88,148.59
           C 371.88,153.91 370.55,159.19 370.01,164.56
             369.68,167.82 369.53,171.85 371.13,174.36
             373.42,177.94 377.79,179.49 382.36,178.96
             383.37,178.84 384.32,178.22 386.29,177.43
             388.33,164.45 390.48,150.76 392.77,136.21
             385.32,139.46 377.49,141.24 372.38,148.08M 538.10,297.17
           C 544.42,295.67 550.81,294.41 557.04,292.59
             560.36,291.62 563.58,289.99 566.50,288.11
             569.39,286.25 570.21,281.45 567.97,278.79
             564.80,275.03 561.31,271.44 557.52,268.31
             550.41,262.44 541.98,259.04 533.09,256.86
             531.69,256.52 529.70,250.62 536.62,261.41
             542.99,269.49 545.68,273.12 541.28,267.67
             552.37,275.55 559.77,275.21 543.69,267.56
             549.05,266.37 550.58,269.70 542.48,270.07
             539.71,274.05 536.09,274.01 532.50,269.95
             512.00,239.17 536.09,239.17 536.09,239.17
             528.94,230.18 532.26,225.69 546.07,225.69
             548.67,228.94 551.69,230.01 556.08,229.36
             561.13,228.61 566.37,229.19 571.53,229.19M 529.12,178.50
           C 528.71,179.53 528.29,180.56 527.88,181.59
             527.53,181.59 527.17,180.52 527.71,180.43
             527.37,178.10 527.18,176.82 527.18,176.82
             527.18,176.82 532.26,176.82 532.26,176.82
             534.15,178.99 535.64,178.52 538.12,182.78
             544.75,191.02 539.61,199.08 542.12,207.28
             547.91,213.82 543.55,217.35 541.94,221.01
             536.10,211.99 533.71,204.42 523.72,192.80
             500.18,187.68 521.37,180.43 509.78,198.32
             508.72,201.40 508.07,204.62 507.24,207.78M 164.23,258.28
           C 165.23,263.62 165.23,269.22 170.66,272.83
             174.40,275.32 178.27,275.41 182.41,281.57
             177.72,295.95 171.25,295.94 160.10,281.57
             152.87,278.85 148.23,273.17 145.86,275.79
             143.45,263.71 141.11,257.17 141.04,279.48
             136.61,288.26 135.71,293.08 140.62,281.73M 118.30,219.39
           C 118.30,219.39 118.30,233.74 118.30,233.74
             122.66,240.15 116.71,242.14 114.35,239.63
             107.40,251.03 100.13,256.68 92.98,243.60
             87.96,247.19 82.07,228.27 90.58,240.13
             84.43,233.75 80.66,231.76 88.44,239.00
             82.18,238.08 79.76,234.55 91.62,231.14
             98.92,223.87 105.99,237.86 105.03,251.07M 261.06,250.30
           C 255.38,249.74 249.67,248.11 243.59,249.50
             241.95,247.55 244.72,247.81 256.03,248.44
             280.85,253.64 292.14,249.82 258.51,254.36
             262.31,263.61 263.02,265.33 260.86,274.03
             257.92,296.69 247.08,276.81 250.78,271.85
             234.98,263.15 229.27,267.77 247.21,263.78
             239.98,251.24 235.97,268.72 246.18,270.79M 202.16,176.51
           C 197.50,184.49 192.76,192.42 188.21,200.46
             185.06,206.03 182.13,211.71 179.22,217.41
             177.86,220.07 176.79,222.88 175.37,226.14
             178.24,228.24 180.55,230.35 183.22,231.80
             191.35,236.21 199.07,230.80 199.66,221.69
             189.69,223.03 179.72,223.69 169.39,215.70M 459.73,56.84
           C 467.46,55.82 472.15,51.52 473.70,43.19
             470.34,45.27 467.55,48.51 466.07,48.51
             467.77,49.91 469.20,54.86 470.35,63.37
             470.35,63.37 476.19,63.37 476.19,63.37
             476.51,57.43 474.71,51.29 478.52,46.11
             485.45,48.17 487.46,51.05 487.80,58.24
             490.70,63.55 489.82,65.12 497.60,68.64
             517.93,88.65 531.96,93.07 500.87,69.67
             507.84,70.84 511.32,70.70 511.69,69.21
             533.32,67.72 544.14,67.45 514.56,69.14
             520.34,70.94 524.04,72.20 524.04,72.20
             524.04,72.20 524.04,95.41 524.04,95.41
             524.04,103.01 539.00,95.39 546.48,94.97
             568.92,93.93 591.35,93.54 613.79,94.86
             620.92,108.22 633.23,94.27 628.09,93.28
             656.68,90.86 670.97,92.79 636.40,92.23
             653.02,90.75 661.33,91.74 645.95,89.45
             664.70,82.81 673.31,85.57 654.62,77.33
             666.52,56.50 668.66,65.37 657.56,52.47
             621.16,46.31 657.33,40.16 656.76,34.00
             655.81,22.52 656.48,11.04 656.29,-0.44
             655.83,-3.44 656.29,-6.42 657.31,-9.43
             658.67,-10.30 655.65,-10.03 654.82,-10.36M 130.78,109.70
           C 139.10,120.84 147.77,131.73 155.58,143.21
             159.21,148.56 160.61,154.83 157.36,161.61
             153.64,169.36 141.97,173.30 135.40,169.33
             130.46,166.35 125.51,162.20 122.67,157.35
             120.60,153.81 121.19,148.13 121.95,143.63
             123.87,132.18 125.49,120.62 129.79,109.70M 32.45,149.58
           C 34.95,156.90 41.73,160.04 47.56,163.30
             55.59,167.79 64.56,170.61 72.73,173.97
             84.17,165.89 86.52,144.50 78.15,133.00
             67.62,129.72 57.53,132.61 46.71,123.67
             33.93,129.46 32.19,138.01 46.25,122.37M 242.10,213.41
           C 242.39,219.35 245.56,223.90 249.06,228.39
             255.32,236.44 262.16,243.78 272.08,247.23
             275.85,253.15 273.10,256.13 273.58,250.53
             268.27,252.98 262.88,252.00 257.72,248.55
             247.25,243.55 237.02,237.10 228.33,242.36
             219.99,228.01 216.32,216.96 216.32,238.30M 108.82,186.98
           C 107.82,183.78 106.33,181.72 102.34,181.38
             90.74,180.38 79.15,147.03 105.64,177.94
             117.76,175.32 129.40,180.98 140.28,180.99
             146.14,190.07 149.22,196.32 151.31,185.63
             152.86,193.36 149.31,196.52 147.21,192.00
             142.99,200.97 136.65,201.20 128.69,185.17M 448.25,298.67
           C 451.25,291.69 454.35,284.75 457.20,277.72
             459.88,270.64 444.08,275.56 438.35,273.26
             428.72,262.72 419.94,252.46 415.39,269.85
             413.88,262.97 412.60,258.85 414.20,265.58
             415.85,259.87 418.26,259.49 422.80,264.65
             433.75,286.24 426.08,296.53 426.38,276.06
             436.01,297.15 449.21,299.52 428.13,279.40M 96.34,319.11
           C 100.96,318.69 106.05,320.36 110.76,316.33
             103.42,310.96 96.32,310.73 88.91,312.70
             88.19,311.26 88.13,314.08 91.37,314.52
             96.28,318.15 99.23,320.33 90.11,311.85
             86.26,306.16 79.06,296.40 91.72,305.63
             82.18,305.04 77.68,302.63 84.85,301.96
             71.33,294.17 67.56,287.34 79.33,291.95
             68.34,271.73 64.43,261.03 73.84,276.96
             63.34,246.67 59.96,231.10 71.14,264.49
             66.04,239.30 67.11,225.43 62.43,264.15
             44.78,262.77 36.04,262.94 51.98,244.29
             54.75,214.90 55.99,228.38 62.42,213.32
             80.65,167.86 64.86,208.79 66.47,204.01
             73.85,190.44 72.17,196.71 79.55,193.55
             101.21,181.77 86.79,192.43 90.33,188.91
             102.34,176.35 89.32,187.51 89.56,187.23
             84.67,179.80 81.06,183.71 73.77,190.10
             77.51,195.35 80.73,197.87 83.83,192.85
             87.22,198.54 90.46,201.31 93.83,197.13
             99.03,207.27 101.28,213.62 101.69,205.23
             117.42,228.17 101.64,207.95 101.53,210.54
             99.29,218.54 98.21,217.37 98.80,224.23
             93.40,244.77 88.40,225.46 103.09,220.20
             111.59,212.06 115.97,208.13 107.17,216.54
             116.03,210.74 121.61,211.63 109.04,219.57
             110.68,224.43 111.74,217.49 112.14,215.99
             117.47,210.35 120.55,222.83 123.89,217.08
             141.15,218.86 135.38,218.51 146.86,220.00
             181.30,224.49 153.60,230.05 152.04,234.96
             160.02,238.70 154.17,242.94 154.72,245.81
             154.55,250.33 150.22,254.52 151.98,258.91
             151.19,262.03 156.09,261.39 157.98,262.86
             160.72,265.00 163.33,264.72 166.99,262.39
             166.99,262.39 166.99,245.98 166.99,245.98
             172.64,245.42 174.82,254.41 173.40,249.08
             177.48,252.59 178.47,253.49 175.04,255.25
             174.43,263.19 169.89,257.95 181.99,261.22M 511.65,205.43
           C 507.66,205.43 503.36,193.46 511.58,199.66
             511.07,191.49 504.06,206.21 511.15,215.78
             510.12,248.02 509.73,264.15 511.08,219.34
             518.05,229.28 514.44,217.18 517.31,215.86
             525.74,210.34 526.79,207.10 533.56,196.20
             554.25,164.72 536.24,189.06 536.15,180.35
             512.82,178.90 530.95,174.95 531.87,171.30M 407.82,124.65
           C 402.36,129.19 403.56,135.77 402.92,141.61
             401.07,158.71 399.65,175.85 398.02,194.36
             400.63,198.02 400.47,200.13 399.83,199.79
             398.17,210.63 396.28,215.75 393.86,204.55
             391.61,210.97 386.83,210.98 381.96,195.36
             363.89,194.20 355.08,194.37 375.60,191.01
             363.24,184.27 357.12,189.25 371.09,185.41M 366.89,325.60
           C 360.74,314.55 367.90,309.15 369.01,321.81
             362.87,324.12 360.02,325.72 360.59,326.52
             337.84,331.50 330.15,324.94 359.00,325.16
             355.84,322.07 355.04,320.19 354.56,314.64
             340.71,302.20 331.02,300.76 352.44,314.33
             348.07,313.99 345.97,314.33 343.86,315.75
             328.66,313.66 321.76,308.91 335.37,309.91
             316.59,303.88 306.55,304.29 330.37,309.71
             319.77,294.76 331.94,304.38 321.80,312.62
             309.47,316.86 320.67,319.14 333.95,306.05
             348.66,305.58 333.32,304.69 332.65,304.51
             330.52,303.30 327.20,301.71 325.37,295.96
             317.47,288.83 324.60,281.64 323.76,274.51
             322.34,265.32 305.59,248.04 328.08,271.59
             329.56,265.42 330.45,262.67 332.18,268.69
             334.00,264.20 336.78,264.58 340.95,272.43
             340.65,279.72 335.92,281.92 336.54,263.72M 302.50,137.12
           C 303.83,126.82 305.26,116.52 306.39,106.02
             304.71,105.08 302.89,104.55 301.07,94.95
             304.57,75.39 310.40,68.70 318.47,92.33
             321.64,88.09 325.86,86.80 329.86,89.69
             338.07,84.67 346.39,82.69 354.78,87.84
             362.61,87.33 365.42,93.81 369.58,99.10
             364.14,106.05 354.85,104.35 346.41,105.97
             341.74,119.28 343.31,123.60 350.79,111.90
             361.05,117.86 371.68,114.02 382.72,110.15
             387.74,109.45 390.10,114.44 391.79,113.35
             388.05,115.48 383.47,115.41 379.19,113.14
             366.39,112.51 353.59,112.21 340.80,113.12" />
</svg>
