<?xml version="1.0" encoding="UTF-8" standalone="no"?>
<!DOCTYPE svg PUBLIC "-//W3C//DTD SVG 20010904//EN"
              "http://www.w3.org/TR/2001/REC-SVG-20010904/DTD/svg10.dtd">

<svg xmlns="http://www.w3.org/2000/svg"
     width="9.83333in" height="8.33333in"
     viewBox="0 0 885 750">
  <path id="Imported Path"
        fill="none" stroke="black" stroke-width="1"
        d="M 233.05,49.29
           C 228.58,82.24 191.69,130.84 208.80,133.64
             193.25,150.34 184.60,186.57 193.03,205.30
             187.28,223.94 176.32,242.30 170.85,260.72
             194.73,264.19 199.30,245.56 205.67,229.79
             215.95,212.38 215.29,182.81 232.15,171.89
             247.36,188.62 272.48,174.47 291.78,178.91
             342.88,189.81 380.61,197.30 433.07,192.42
             425.59,178.96 419.45,169.14 414.70,158.70
             413.43,141.29 425.89,119.42 438.30,142.73
             458.35,164.03 492.69,164.88 505.42,194.14
             527.92,202.11 572.97,238.51 586.31,207.18
             589.05,178.43 564.48,136.91 612.82,159.92
             611.94,155.46 616.42,133.05 629.43,141.59
             624.17,162.60 594.21,278.47 644.36,236.20
             648.27,213.15 657.12,188.09 652.83,164.85
             645.87,148.48 658.59,146.58 668.50,143.31
             684.34,147.54 674.51,195.12 664.28,156.67
             671.98,185.95 673.23,206.38 666.73,234.86
             692.73,272.65 699.88,180.89 711.55,162.87
             728.46,127.03 747.59,115.62 731.86,166.78
             720.64,198.29 746.51,165.46 763.08,169.62
             784.37,174.79 810.64,185.06 827.74,199.79
             792.12,194.17 839.69,230.67 812.78,219.54
             783.92,197.26 798.57,174.96 773.25,214.21
             769.43,201.85 767.62,200.86 754.38,204.18
             762.13,219.74 781.67,227.94 796.29,235.74
             857.85,245.15 832.88,434.01 878.08,335.16
             906.71,312.09 827.32,458.76 823.25,474.02
             840.23,465.52 863.54,421.57 884.99,433.40
             864.85,458.00 830.30,475.58 820.78,506.39
             817.61,461.84 799.82,524.03 786.98,538.84
             772.72,572.85 746.44,601.26 749.71,639.57
             729.31,672.57 709.37,705.51 714.64,746.44
             697.64,768.82 710.40,679.33 708.43,665.27
             718.40,641.69 731.79,624.04 716.85,598.36
             698.41,519.79 678.68,560.52 672.67,615.61
             652.69,624.73 674.45,581.82 628.87,611.56
             608.73,604.48 587.99,609.35 567.10,619.25
             533.17,632.46 493.26,600.04 473.06,636.42
             520.40,615.33 564.23,641.88 609.77,652.61
             593.03,694.06 592.25,662.38 575.02,643.56
             528.82,616.24 507.59,621.23 765.81,622.57
             844.33,547.10 806.26,620.07 792.73,602.73
             837.89,570.88 860.33,599.41 800.06,595.79
             843.06,579.84 825.94,550.05 779.84,430.59
             749.57,379.34 776.38,445.33 779.42,464.86
             770.79,511.42 765.91,452.88 776.04,495.11
             769.48,537.64 755.73,519.78 759.48,400.97
             721.70,301.63 738.69,429.10 734.32,410.21
             701.85,400.43 734.06,427.72 749.82,468.44
             742.63,530.85 726.16,433.64 664.69,457.29
             538.51,434.39 710.80,438.46 770.10,443.78
             926.24,441.88 781.21,460.68 824.25,488.75
             805.42,428.47 804.75,318.96 718.34,333.40
             617.31,320.53 667.71,377.75 648.45,456.21
             622.79,483.96 604.37,365.02 590.03,344.82
             583.15,340.08 581.22,369.79 574.09,374.87
             567.73,385.92 550.31,390.30 547.00,403.50
             543.57,413.80 550.76,431.79 540.97,437.66
             528.09,426.68 544.74,398.35 525.14,391.54
             473.66,390.51 532.91,267.07 490.79,334.15
             461.12,352.36 515.61,242.80 529.21,237.38M 680.59,135.09M 824.75,217.53
           C 816.79,241.16 839.65,211.90 838.33,200.80
             836.38,152.36 833.03,169.51 824.75,217.53 Z
           M 54.48,488.09
           C 36.45,499.61 52.56,551.50 47.83,576.70
             59.76,590.47 72.11,562.51 81.96,555.87
             80.30,533.06 45.58,519.12 54.48,488.08
             54.48,488.08 54.48,488.09 54.48,488.09 Z
           M 488.25,203.82
           C 474.97,213.65 485.17,270.87 494.59,284.41
             541.36,273.63 499.69,231.42 488.25,203.82 Z
           M 124.66,319.68
           C 92.38,301.85 153.56,318.83 108.00,270.62
             104.89,309.82 86.79,414.22 124.66,319.68 Z
           M 297.76,246.71
           C 304.88,255.21 321.68,309.34 326.75,291.99
             321.31,261.58 334.08,222.58 298.22,208.65
             277.33,225.08 349.62,244.69 297.75,246.71
             297.75,246.71 297.76,246.71 297.76,246.71 Z
           M 716.25,507.14
           C 730.12,496.15 718.35,461.38 721.47,442.25
             715.07,427.09 681.58,416.42 688.95,464.29
             702.96,486.04 730.28,491.06 753.37,491.06
             753.37,491.06 716.25,507.14 716.25,507.14 Z
           M 771.85,229.54
           C 784.11,238.42 790.46,219.15 777.71,209.10
             763.58,194.29 758.28,194.22 752.06,213.46
             724.39,247.47 741.74,243.62 771.85,229.55
             771.85,229.55 771.85,229.54 771.85,229.54 Z
           M 366.04,336.04
           C 398.53,268.87 206.83,289.76 278.99,352.24
             307.77,391.21 333.06,398.51 366.04,398.51
             366.04,398.51 366.04,336.04 366.04,336.04 Z
           M 462.52,579.03
           C 447.98,587.64 446.72,625.75 470.87,623.53
             472.25,604.07 373.83,615.19 426.34,615.19
             426.34,615.19 462.52,579.03 462.52,579.03 Z
           M 113.39,611.72
           C 126.63,592.19 147.03,525.52 47.11,610.34
             67.35,609.55 87.72,609.55 113.39,609.55
             113.39,609.55 113.39,611.72 113.39,611.72 Z
           M 296.40,566.59
           C 288.59,575.99 310.14,634.65 328.37,636.17
             309.82,616.32 276.73,604.22 259.24,604.22
             259.24,604.22 296.40,566.59 296.40,566.59 Z
           M 193.31,360.74
           C 183.43,360.21 167.90,394.43 173.78,403.26
             199.88,425.06 188.89,377.19 193.31,360.74 Z
           M 56.36,649.88
           C 54.96,636.27 42.54,597.48 29.23,615.58
             35.64,624.48 42.80,667.97 56.36,649.88 Z
           M 796.90,405.10
           C 776.34,377.78 772.70,366.43 740.05,384.66
             759.68,391.72 774.54,397.06 796.90,405.10 Z
           M 134.25,607.01
           C 143.23,592.94 106.40,542.96 145.50,547.16
             106.90,495.50 125.58,583.72 134.25,607.01 Z
           M 83.01,458.11
           C 50.46,464.29 90.33,479.84 101.56,493.24
             101.56,481.98 81.26,493.14 72.10,490.70
             53.49,475.44 85.12,472.26 66.41,472.26
             66.41,472.26 83.01,458.11 83.01,458.11 Z
           M 233.33,259.89
           C 235.55,268.59 217.34,306.11 232.74,307.77
             253.80,292.42 244.74,273.74 184.83,273.74
             184.83,273.74 233.33,259.89 233.33,259.89 Z
           M 183.93,333.90
           C 202.07,347.53 230.82,326.81 207.60,308.01
             197.03,309.57 192.14,326.25 183.93,333.90 Z
           M 460.37,259.02
           C 445.53,275.11 462.36,283.24 466.59,298.99
             489.87,283.52 472.61,275.96 460.37,259.02
             460.37,259.02 460.37,259.02 460.37,259.02 Z
           M 386.28,242.88
           C 404.03,218.65 387.91,222.33 372.96,210.85
             365.78,217.98 380.73,228.55 386.28,242.88 Z
           M 93.61,335.71
           C 108.64,339.03 109.76,305.97 117.20,295.40
             95.06,298.68 100.24,318.52 93.61,335.71 Z
           M 130.61,352.97
           C 160.85,343.30 124.72,312.74 122.10,347.06
             120.99,351.76 125.43,355.57 128.01,355.57
             128.01,355.57 130.61,352.97 130.61,352.97 Z
           M 521.95,469.61
           C 508.54,478.91 502.98,512.06 511.30,522.35
             514.71,505.47 518.19,488.26 521.95,469.61
             521.95,469.61 521.95,469.61 521.95,469.61 Z
           M 440.88,528.60
           C 459.35,536.31 397.56,542.35 381.44,518.64
             393.44,510.70 423.03,504.89 440.88,504.89
             440.88,504.89 440.88,528.60 440.88,528.60 Z
           M 128.54,402.66
           C 132.95,413.58 139.88,417.88 144.84,406.82
             138.81,393.87 134.64,382.03 128.54,402.66 Z
           M 469.08,439.83
           C 453.34,439.64 465.86,476.88 462.07,490.73
             468.67,479.15 465.72,455.43 469.08,439.83 Z
           M 175.08,138.28
           C 161.41,134.22 168.55,160.92 164.86,170.34
             174.51,169.53 170.97,147.10 175.08,138.28 Z
           M 401.22,344.09
           C 399.88,345.22 407.86,332.43 392.59,329.51
             414.58,311.93 441.60,328.63 401.22,328.63
             401.22,328.63 401.22,344.09 401.22,344.09 Z
           M 249.71,318.04
           C 256.30,325.95 266.27,313.71 274.31,311.71
             263.84,308.90 255.99,307.66 249.71,318.04
             249.71,318.04 249.71,318.04 249.71,318.04 Z
           M 585.32,564.68
           C 589.75,555.51 589.78,522.64 585.32,513.60
             585.32,530.63 585.32,547.65 585.32,564.68 Z
           M 730.05,340.26
           C 722.10,345.35 737.02,364.36 737.93,374.18
             746.39,369.32 730.97,350.07 730.05,340.26 Z
           M 396.83,428.07
           C 400.91,419.62 391.40,402.77 390.70,391.58
             379.14,395.44 396.31,417.51 396.83,428.07 Z
           M 757.56,422.37
           C 742.33,420.85 737.32,405.95 772.52,426.88
             768.41,436.32 763.91,443.30 757.56,443.30
             757.56,443.30 757.56,422.37 757.56,422.37 Z
           M 562.35,516.96
           C 561.10,507.93 560.16,501.04 558.38,488.13
             556.21,505.10 544.54,512.25 562.35,516.96 Z
           M 449.19,220.35
           C 456.05,243.78 460.42,246.11 458.13,220.26
             457.55,215.47 457.66,212.07 457.39,212.07
             457.39,212.07 449.19,220.35 449.19,220.35 Z
           M 733.22,381.27
           C 724.63,387.31 741.21,393.91 744.90,399.91
             750.86,394.44 736.17,387.10 733.22,381.27 Z
           M 154.26,599.43
           C 161.46,591.78 152.71,568.65 154.19,555.84
             148.41,565.02 155.54,586.33 197.81,586.33
             197.81,586.33 154.26,599.43 154.26,599.43 Z
           M 196.66,516.97
           C 204.89,508.38 179.86,509.30 190.11,496.82
             173.58,500.24 192.89,510.27 196.66,516.97 Z
           M 655.43,223.47
           C 654.90,215.24 654.46,208.49 653.82,198.43
             649.62,211.62 639.97,218.20 655.43,223.47 Z
           M 681.15,469.43
           C 689.65,468.56 688.13,446.60 692.56,438.20
             684.46,440.07 685.59,460.90 681.15,469.43 Z
           M 648.47,182.35
           C 651.74,177.84 656.16,147.02 648.47,145.60
             648.47,157.85 648.47,170.10 648.47,182.35 Z
           M 862.75,433.95
           C 847.76,423.36 852.31,423.01 876.54,438.49
             870.81,446.08 866.97,449.43 862.75,449.43
             862.75,449.43 862.75,433.95 862.75,433.95 Z
           M 215.35,543.24
           C 220.42,535.48 233.00,528.27 215.35,525.53
             215.35,533.20 215.35,539.35 215.35,543.24 Z
           M 505.43,216.45
           C 502.72,221.27 512.93,225.12 516.69,230.47
             523.46,220.24 511.63,220.89 505.43,216.45
             505.43,216.45 505.43,216.45 505.43,216.45 Z
           M 242.80,215.84
           C 249.61,213.90 262.21,237.61 238.95,209.73
             240.20,180.82 232.30,187.96 242.80,187.96
             242.80,187.96 242.80,215.84 242.80,215.84 Z
           M 444.84,467.51
           C 436.66,465.06 464.07,462.75 471.29,472.66
             467.26,475.11 452.49,477.42 444.84,477.42
             444.84,477.42 444.84,467.51 444.84,467.51 Z
           M 400.18,206.89
           C 399.29,199.21 386.85,204.68 381.31,202.39
             387.04,215.99 383.31,221.25 385.07,221.25
             385.07,221.25 400.18,206.89 400.18,206.89 Z
           M 430.96,159.83
           C 419.14,153.51 415.67,144.80 406.06,147.00
             409.78,154.91 419.49,153.68 430.96,159.83 Z
           M 21.28,505.56
           C 27.42,507.42 30.06,491.14 34.49,486.25
             27.99,483.79 25.70,500.62 21.28,505.56 Z
           M 185.13,42.03
           C 193.14,39.68 181.51,29.71 180.24,24.14
             174.78,26.96 184.32,36.73 185.13,42.03 Z
           M 716.93,676.55
           C 723.29,677.72 718.50,663.60 719.90,658.70
             715.67,659.81 718.45,671.69 716.93,676.55 Z
           M 439.47,450.39
           C 438.74,464.58 440.75,475.48 441.31,486.38
             448.72,482.02 439.03,463.14 439.47,450.39 Z
           M 759.43,239.88
           C 758.16,246.03 770.48,242.67 774.92,244.39
             776.63,237.48 764.12,241.49 759.43,239.88 Z" />
</svg>
